24 25 1 13 0.719157
25 25 1 13 0.9570291
24 26 1 13 0.3633434
37 26 1 2 0.2157545
38 26 1 2 0.6912192
23 27 1 13 0.04679488
24 27 1 13 0.0119978
35 27 1 2 0.990727
36 27 1 2 0.09751164
37 27 1 2 0.2777636
38 27 1 2 0.1392103
39 27 1 2 0.4895391
40 27 1 2 0.3992499
22 28 1 13 0.0004438177
23 28 1 13 0.8243519
24 28 1 13 0.0002026168
36 28 1 2 0.3920118
37 28 1 2 0.05630831
38 28 1 2 0.05896862
39 28 1 2 0.5453485
40 28 1 2 0.1288691
41 28 1 3 0.8213253
42 28 1 3 0.8068185
43 28 1 3 0.2759053
21 29 1 13 0.3227638
22 29 1 13 0.01430223
23 29 1 13 0.3654869
24 29 1 13 0.09808283
25 29 1 13 0.02856898
37 29 1 2 0.2411559
38 29 1 2 0.3795401
39 29 1 2 0.4321162
40 29 1 2 0.3181471
41 29 1 3 0.7991988
42 29 1 3 0.4665135
43 29 1 3 0.9835214
20 30 1 13 0.0001901761
21 30 1 13 0.05146879
22 30 1 13 0.909445
23 30 1 13 0.141993
24 30 1 13 0.5291432
25 30 1 13 0.3520724
37 30 1 2 0.9643538
38 30 1 2 0.5780593
39 30 1 2 0.3963724
40 30 1 2 0.2034961
41 30 1 3 0.7850724
42 30 1 3 0.2277001
43 30 1 3 0.3587773
44 30 1 3 0.07008158
20 31 1 13 0.5546829
21 31 1 13 0.00292455
22 31 1 13 0.7551091
23 31 1 13 0.06137015
24 31 1 13 0.6937434
25 31 1 13 0.8428936
37 31 1 2 0.5055592
38 31 1 2 0.3317564
39 31 1 2 0.1862713
40 31 1 2 0.01639023
41 31 1 2 0.9450701
42 31 1 3 0.04329081
43 31 1 3 0.2738903
44 31 1 3 0.5850098
20 32 1 14 0.9913382
21 32 1 13 0.1665363
22 32 1 13 0.484588
23 32 1 13 0.6708304
24 32 1 13 0.440717
25 32 1 19 0.03737333
26 32 1 19 0.01511518
28 32 1 24 0.2369309
29 32 1 24 0.0003231261
30 32 1 24 8.018824e-06
31 32 1 24 4.012249e-07
32 32 1 24 0.01973918
33 32 1 24 0.04818007
37 32 1 2 0.2331515
38 32 1 2 0.8780385
39 32 1 2 0.304701
40 32 1 2 0.3874443
41 32 1 2 0.01368515
42 32 1 2 0.5811092
43 32 1 3 0.4121506
44 32 1 3 0.298022
45 32 1 3 4.606742e-05
20 33 1 14 0.7152762
21 33 1 14 0.04158882
22 33 1 14 0.8684988
23 33 1 13 0.5266661
24 33 1 19 0.2373228
25 33 1 19 0.06826139
26 33 1 19 0.9453566
29 33 1 24 0.01038584
30 33 1 24 0.03467694
31 33 1 24 0.004441775
32 33 1 24 0.4141955
33 33 1 24 0.01160241
34 33 1 24 0.5541569
35 33 1 24 0.254697
37 33 1 2 0.295076
38 33 1 2 0.4661307
39 33 1 2 0.5996635
40 33 1 2 0.6765467
41 33 1 2 0.9110972
42 33 1 2 0.007726297
43 33 1 3 0.211263
44 33 1 3 0.1440337
45 33 1 3 0.0001238952
20 34 1 19 0.003179926
21 34 1 14 0.8871923
22 34 1 14 0.8933435
23 34 1 19 0.898163
24 34 1 19 0.1138669
25 34 1 19 0.06534081
26 34 1 19 0.4020517
29 34 1 24 0.8559293
30 34 1 24 0.01360196
31 34 1 24 0.511185
32 34 1 24 0.8767898
33 34 1 24 0.9718689
34 34 1 24 0.9861307
35 34 1 24 0.2771089
38 34 1 2 0.7541767
39 34 1 2 0.2582308
40 34 1 2 0.5554464
41 34 1 2 0.02050834
42 34 1 2 0.03766392
43 34 1 8 0.8160396
44 34 1 8 0.04739472
45 34 1 8 0.005668028
20 35 1 19 0.02677572
21 35 1 19 0.2804669
22 35 1 19 0.03529405
23 35 1 19 0.4099168
24 35 1 19 0.9162592
25 35 1 19 0.6391834
26 35 1 19 0.01401974
29 35 1 24 0.8140403
30 35 1 24 0.2968472
31 35 1 24 0.8236451
32 35 1 24 0.9642399
33 35 1 24 0.3651359
34 35 1 24 0.9850477
35 35 1 24 0.2765388
37 35 1 8 0.3855008
38 35 1 8 0.7387674
39 35 1 8 0.537311
40 35 1 8 0.8939809
41 35 1 2 0.135045
42 35 1 8 0.06575025
43 35 1 8 0.388169
44 35 1 8 0.9400072
45 35 1 8 0.6894835
20 36 1 19 0.3366491
21 36 1 19 0.2549838
22 36 1 19 0.006217261
23 36 1 19 0.02105723
24 36 1 19 0.1896513
25 36 1 19 0.1167419
28 36 1 24 0.3763939
29 36 1 24 0.279059
30 36 1 24 0.473128
31 36 1 24 0.6478729
32 36 1 24 0.8414658
33 36 1 24 0.7185685
34 36 1 24 0.5694641
35 36 1 24 0.4325532
37 36 1 8 0.2536261
38 36 1 8 0.8873309
39 36 1 8 0.5099498
40 36 1 8 0.6335777
41 36 1 8 0.5734143
42 36 1 8 0.7768068
43 36 1 8 0.09002124
44 36 1 8 0.1496296
45 36 1 8 0.002048647
20 37 1 19 0.8529921
21 37 1 19 0.05153486
22 37 1 19 0.1428842
23 37 1 19 0.8518743
24 37 1 19 0.06669057
25 37 1 19 0.06406714
28 37 1 24 0.2945985
29 37 1 24 0.09519961
30 37 1 24 0.7453699
31 37 1 24 0.1731299
32 37 1 24 0.5645596
33 37 1 24 0.02680073
34 37 1 24 0.4219469
35 37 1 24 0.1535899
37 37 1 8 0.04102154
38 37 1 8 0.4652048
39 37 1 8 0.1100088
40 37 1 8 0.04212541
41 37 1 8 0.2432834
42 37 1 8 0.7214007
43 37 1 8 0.040635
44 37 1 8 0.0005151412
45 37 1 8 0.1447413
22 38 1 19 0.1419576
23 38 1 19 0.2168123
24 38 1 19 0.2230753
25 38 1 19 0.1452573
26 38 1 19 0.2278728
28 38 1 24 0.6032438
29 38 1 24 0.1595671
30 38 1 24 0.189739
31 38 1 24 0.03907651
32 38 1 24 0.01853992
33 38 1 24 0.6609375
34 38 1 24 0.8736272
35 38 1 24 0.7702162
37 38 1 8 0.6069711
38 38 1 8 0.1246251
39 38 1 8 0.1643442
40 38 1 8 4.165397e-06
41 38 1 8 0.07354712
42 38 1 8 0.0154337
43 38 1 8 0.179884
44 38 1 8 0.6731163
23 39 1 19 0.1290432
24 39 1 19 0.08692682
25 39 1 19 0.4918679
26 39 1 19 0.9970744
28 39 1 24 0.4872622
29 39 1 24 0.878255
30 39 1 24 0.3304519
31 39 1 24 0.3026491
32 39 1 24 0.4746997
33 39 1 24 0.1049221
34 39 1 24 0.02609659
35 39 1 24 0.08757048
39 39 1 8 0.1342609
40 39 1 8 0.002472587
41 39 1 8 0.1799152
42 39 1 8 0.7750885
43 39 1 8 0.1355974
29 40 1 24 0.5642628
30 40 1 24 0.2440415
31 40 1 24 0.7544106
32 40 1 24 0.1766283
17 44 1 15 0.321005
18 44 1 15 0.3267318
17 45 1 15 0.06957475
18 45 1 15 0.01199046
19 45 1 15 0.03431467
44 45 1 4 0.876118
45 45 1 4 0.002551026
46 45 1 4 0.4128745
47 45 1 4 0.7133096
48 45 1 4 2.126852e-06
17 46 1 15 0.07190088
18 46 1 15 0.001718711
19 46 1 15 0.009639675
22 46 1 21 0.4309026
23 46 1 21 0.5437911
24 46 1 21 0.205535
25 46 1 21 0.8069026
41 46 1 4 0.660513
42 46 1 4 0.1806152
43 46 1 4 0.05950103
44 46 1 4 0.8119712
45 46 1 4 0.1038794
46 46 1 4 0.9861917
47 46 1 4 0.02264235
48 46 1 4 0.0007310312
18 47 1 15 0.7183408
19 47 1 16 0.005163075
20 47 1 16 0.08731109
21 47 1 16 0.6480018
22 47 1 21 0.9416287
23 47 1 21 0.3889305
24 47 1 21 0.0606322
25 47 1 21 0.7415445
26 47 1 21 0.8265437
27 47 1 21 0.04461343
28 47 1 21 0.7065471
41 47 1 4 0.01648626
42 47 1 4 0.1219579
43 47 1 4 0.7562986
44 47 1 4 0.02638509
45 47 1 4 0.004920953
46 47 1 4 0.05537631
47 47 1 4 0.0006299287
48 47 1 4 0.0009039198
19 48 1 16 0.2306859
20 48 1 16 0.004207614
21 48 1 16 0.8156206
22 48 1 21 0.9051381
23 48 1 21 0.638845
24 48 1 21 0.6678585
25 48 1 21 0.7847837
26 48 1 21 0.4500418
27 48 1 21 0.814822
28 48 1 21 0.0351014
29 48 1 21 0.07876373
39 48 1 4 0.1778077
40 48 1 4 0.6581233
41 48 1 4 0.01132685
42 48 1 4 0.04550131
43 48 1 4 0.3280292
44 48 1 4 0.002599852
45 48 1 4 1.992994e-05
46 48 1 4 0.007556508
47 48 1 4 0.002398896
20 49 1 16 0.096333
21 49 1 16 0.9927151
22 49 1 21 0.6941723
23 49 1 21 0.1376767
24 49 1 21 0.5764649
25 49 1 21 0.2766552
26 49 1 21 0.5408129
27 49 1 21 0.4451818
28 49 1 21 0.2544102
29 49 1 21 0.3084833
30 49 1 21 0.1001768
37 49 1 10 0.0954072
38 49 1 10 0.7851088
39 49 1 10 0.2082062
40 49 1 4 0.09279441
41 49 1 4 0.7632594
42 49 1 4 0.9464806
43 49 1 4 0.001592633
44 49 1 4 0.0004184608
45 49 1 4 0.6026078
46 49 1 5 0.5083271
47 49 1 5 0.05803059
20 50 1 16 1.085462e-05
21 50 1 21 0.4918149
22 50 1 21 0.6821966
23 50 1 16 0.5935339
24 50 1 16 0.2728545
25 50 1 21 0.496419
26 50 1 21 0.6674377
27 50 1 21 0.5673398
28 50 1 21 0.7202401
29 50 1 21 0.1676609
30 50 1 21 0.5719944
33 50 1 10 0.8712039
34 50 1 10 0.5635997
35 50 1 10 0.08054309
36 50 1 10 0.4008858
37 50 1 10 0.1375471
38 50 1 10 0.1967986
39 50 1 10 0.8962757
40 50 1 10 0.41932
41 50 1 0 0.1938111
41 50 1 10 0.1938111
42 50 1 5 0.002694968
43 50 1 5 4.603709e-06
44 50 1 5 0.001709414
45 50 1 5 0.1570131
46 50 1 5 0.03402142
20 51 1 16 1.042912e-06
21 51 1 21 0.6968774
22 51 1 16 0.0008572508
23 51 1 16 0.4552352
24 51 1 16 0.3600283
25 51 1 16 0.0565629
26 51 1 16 0.4647723
27 51 1 21 0.3921475
28 51 1 21 0.09495863
29 51 1 21 0.5096046
30 51 1 21 0.1573582
33 51 1 10 0.2473383
34 51 1 10 0.07356285
35 51 1 10 0.614873
36 51 1 10 0.05814979
37 51 1 10 0.9080606
38 51 1 10 0.05380444
39 51 1 10 0.1089307
40 51 1 10 0.03391917
41 51 1 10 0.009693173
42 51 1 5 0.0001660423
43 51 1 5 1.830877e-05
44 51 1 5 0.3792872
45 51 1 5 0.1729198
46 51 1 5 0.1709716
21 52 1 16 1.30674e-05
22 52 1 16 0.4757693
23 52 1 16 0.2104314
24 52 1 16 0.3678461
25 52 1 16 0.5430406
26 52 1 16 0.290588
27 52 1 21 0.8957683
28 52 1 21 0.6057255
29 52 1 21 0.3697869
30 52 1 21 0.09764609
33 52 1 10 0.03331518
34 52 1 10 0.4418542
35 52 1 10 0.9372717
36 52 1 10 0.7470972
37 52 1 10 0.3169332
38 52 1 10 0.03441072
39 52 1 10 0.7118744
40 52 1 10 0.02448022
41 52 1 10 0.4871757
42 52 1 10 0.5886573
43 52 1 5 0.004548606
44 52 1 5 0.1430201
45 52 1 5 0.3397189
24 53 1 16 0.8906753
25 53 1 16 0.7589903
26 53 1 16 0.1319354
27 53 1 21 0.7486293
28 53 1 21 0.8895677
29 53 1 21 0.1508638
30 53 1 21 0.435496
33 53 1 10 0.19313
34 53 1 10 0.4238797
35 53 1 10 0.6444599
36 53 1 10 0.9269033
37 53 1 10 0.1129496
38 53 1 10 0.05370521
39 53 1 10 0.9615812
40 53 1 10 0.9009594
41 53 1 10 0.5936351
42 53 1 5 0.02120927
43 53 1 5 3.260775e-06
44 53 1 5 0.1275372
25 54 1 16 0.1058121
26 54 1 16 0.4339041
27 54 1 21 0.375194
28 54 1 21 0.2774148
29 54 1 21 0.2194313
30 54 1 21 0.03399186
33 54 1 10 0.02660752
34 54 1 10 0.3490538
35 54 1 10 0.1268143
36 54 1 10 0.1380537
37 54 1 10 0.9478198
38 54 1 10 0.98587
39 54 1 10 0.2160358
40 54 1 10 0.06777556
41 54 1 5 0.5498307
42 54 1 5 0.002776995
43 54 1 5 2.471207e-06
27 55 1 21 0.1154447
28 55 1 21 0.183501
29 55 1 21 0.6949746
30 55 1 21 0.9496631
33 55 1 10 0.003657199
34 55 1 10 0.01841071
35 55 1 10 0.1483759
36 55 1 10 0.7763192
37 55 1 10 0.265535
38 55 1 10 0.3102811
39 55 1 10 0.1458943
40 55 1 10 0.2758078
41 55 1 5 0.6375414
42 55 1 5 0.01485711
36 56 1 10 0.01313226
37 56 1 10 9.641917e-05
38 56 1 10 0.0005197556
39 56 1 5 0.2624662
40 56 1 5 0.2026855
41 56 1 5 0.05684108
38 23 2 2 0.724708
24 24 2 13 0.008924685
25 24 2 13 0.1099697
38 24 2 2 0.9529183
39 24 2 2 0.07286572
40 24 2 2 0.4150328
22 25 2 13 0.07364072
23 25 2 13 0.9495408
24 25 2 13 0.1846773
25 25 2 13 0.2201583
38 25 2 2 0.8676274
39 25 2 2 0.2420854
40 25 2 2 0.8302547
41 25 2 2 8.132265e-05
21 26 2 13 0.003307051
22 26 2 13 0.7350782
23 26 2 13 0.7593683
24 26 2 13 0.5321959
38 26 2 2 0.2041736
39 26 2 2 0.8644539
40 26 2 2 0.1071885
41 26 2 2 0.414245
42 26 2 2 0.01887961
21 27 2 13 0.5549461
22 27 2 13 0.679632
23 27 2 13 0.4737714
24 27 2 13 0.8709143
25 27 2 13 0.6869096
38 27 2 2 0.6299632
39 27 2 2 0.8588179
40 27 2 2 0.9420246
41 27 2 2 0.6316731
42 27 2 2 0.003674818
43 27 2 2 0.8675698
20 28 2 14 0.2413739
21 28 2 13 0.6014382
22 28 2 13 0.1166083
23 28 2 13 0.2459065
24 28 2 13 0.08218238
25 28 2 13 0.03116158
26 28 2 13 0.1102301
38 28 2 2 0.6984862
39 28 2 2 0.8060519
40 28 2 2 0.4554512
41 28 2 2 0.4145099
42 28 2 2 0.02365463
43 28 2 2 0.2981061
44 28 2 3 0.114003
19 29 2 14 0.3338581
20 29 2 13 0.9599599
21 29 2 13 0.2978015
22 29 2 13 0.08672109
23 29 2 13 0.07836789
24 29 2 13 0.02484114
25 29 2 13 0.027225
26 29 2 13 0.9140103
37 29 2 2 0.1920323
38 29 2 2 0.3835873
39 29 2 2 0.6229084
40 29 2 2 0.4155214
41 29 2 3 0.7066793
42 29 2 3 0.856115
43 29 2 3 0.2620392
44 29 2 3 0.4115372
45 29 2 3 0.8384376
19 30 2 14 0.1880166
20 30 2 13 0.2971222
21 30 2 13 0.1853385
22 30 2 13 0.7134332
23 30 2 13 0.3820943
24 30 2 13 0.08543743
25 30 2 13 0.4384663
37 30 2 2 0.8690763
38 30 2 2 0.1089111
39 30 2 2 0.0007667307
40 30 2 2 0.001463408
41 30 2 3 0.2099394
42 30 2 3 0.400339
43 30 2 3 0.4266513
44 30 2 3 0.2948378
45 30 2 3 0.09677278
46 30 2 3 0.02938799
19 31 2 14 0.06493245
20 31 2 14 0.05548033
21 31 2 13 0.1943018
22 31 2 13 0.7500603
23 31 2 13 0.5317769
24 31 2 13 0.02280728
25 31 2 13 0.3466879
37 31 2 2 0.5080432
38 31 2 2 0.6131704
39 31 2 2 0.0002603331
40 31 2 2 0.003433185
41 31 2 3 0.6817962
42 31 2 3 0.7896361
43 31 2 3 0.02368897
44 31 2 3 0.51064
45 31 2 3 0.6850056
46 31 2 3 0.2231072
19 32 2 14 0.002704039
20 32 2 14 0.910178
21 32 2 14 0.4962586
22 32 2 13 0.002844859
23 32 2 13 0.1444427
24 32 2 13 0.004045734
25 32 2 13 0.7518854
28 32 2 24 0.3090038
29 32 2 24 0.7915584
30 32 2 24 0.005361813
31 32 2 24 0.0003631147
32 32 2 24 0.1425617
33 32 2 24 0.04757675
34 32 2 24 0.0276134
37 32 2 2 0.6619702
38 32 2 2 0.6139049
39 32 2 2 0.01926338
40 32 2 2 0.8163
41 32 2 3 0.3121693
42 32 2 3 0.7302807
43 32 2 3 0.8696514
44 32 2 3 0.6507352
45 32 2 3 0.01109308
46 32 2 3 0.0005079417
19 33 2 14 0.5232267
20 33 2 14 0.4234258
21 33 2 14 0.05006787
22 33 2 13 0.2164006
23 33 2 13 0.0792194
24 33 2 13 0.5171475
25 33 2 13 0.7403516
26 33 2 19 0.2397685
27 33 2 24 0.8254954
28 33 2 24 0.0099519
29 33 2 24 0.0008085867
30 33 2 24 0.002785351
31 33 2 24 0.006004328
32 33 2 24 0.08224666
33 33 2 24 3.919332e-07
34 33 2 24 1.262523e-08
35 33 2 24 0.278199
36 33 2 24 0.5548503
38 33 2 2 0.138235
39 33 2 2 0.07006055
40 33 2 2 0.002630428
41 33 2 3 0.1155342
42 33 2 3 0.1228486
43 33 2 3 0.1695445
44 33 2 3 0.9924268
45 33 2 3 0.8532644
46 33 2 3 0.002024634
19 34 2 19 0.08187195
20 34 2 19 0.003015817
21 34 2 14 0.2295469
22 34 2 13 0.7298175
23 34 2 13 0.9558425
24 34 2 19 0.7730765
25 34 2 19 0.01120667
26 34 2 19 0.2909498
27 34 2 24 0.7347944
28 34 2 24 0.2439375
29 34 2 24 0.3401857
30 34 2 24 0.1850131
31 34 2 24 0.438901
32 34 2 24 0.9511209
33 34 2 24 0.001096061
34 34 2 24 0.004071436
35 34 2 24 0.4283243
39 34 2 2 0.5039781
40 34 2 2 0.06919954
41 34 2 8 0.2459852
42 34 2 8 0.3864092
43 34 2 8 0.7120063
44 34 2 8 0.9791922
45 34 2 8 0.9958169
46 34 2 8 0.03975759
47 34 2 8 0.1859459
19 35 2 19 0.003104059
20 35 2 19 0.001063332
21 35 2 19 0.00040895
22 35 2 19 0.304433
23 35 2 19 0.3741386
24 35 2 19 0.06491562
25 35 2 19 0.1481303
27 35 2 24 0.733302
28 35 2 24 0.1187144
29 35 2 24 0.9925116
30 35 2 24 0.5919555
31 35 2 24 0.746897
32 35 2 24 0.0679612
33 35 2 24 0.004931484
34 35 2 24 0.9807631
35 35 2 24 0.07553656
38 35 2 8 0.09285451
39 35 2 8 0.268965
40 35 2 8 0.9606287
41 35 2 8 0.002789602
42 35 2 8 0.2746281
43 35 2 8 0.6373024
44 35 2 8 0.1848179
45 35 2 8 0.1752256
46 35 2 8 0.8629101
47 35 2 8 0.8639998
19 36 2 19 0.2811279
20 36 2 19 0.0006833488
21 36 2 19 0.2203816
22 36 2 19 0.01298461
23 36 2 19 0.1193476
24 36 2 19 0.2961829
25 36 2 19 0.2558286
27 36 2 24 0.5640578
28 36 2 24 0.08475447
29 36 2 24 0.004426223
30 36 2 24 0.827769
31 36 2 24 0.8727886
32 36 2 24 0.8215443
33 36 2 24 0.3637543
34 36 2 24 0.1797854
38 36 2 8 0.5720763
39 36 2 8 0.08317651
40 36 2 8 0.6125785
41 36 2 8 0.09135005
42 36 2 8 0.04118827
43 36 2 8 0.7743578
44 36 2 8 0.9205156
45 36 2 8 0.2576112
46 36 2 8 0.4258745
47 36 2 8 0.7565105
20 37 2 19 0.4552907
21 37 2 19 0.7644457
22 37 2 19 0.9117747
23 37 2 19 0.977482
24 37 2 19 0.03495199
25 37 2 19 0.3173068
27 37 2 24 0.9486407
28 37 2 24 0.2146066
29 37 2 24 0.07229971
30 37 2 24 0.5647037
31 37 2 24 0.0198297
32 37 2 24 0.118979
33 37 2 24 0.6530434
34 37 2 24 0.9216213
38 37 2 8 0.3524756
39 37 2 8 0.404179
40 37 2 8 0.9018782
41 37 2 8 0.7557673
42 37 2 8 0.0008903315
43 37 2 8 0.5686907
44 37 2 8 0.2262965
45 37 2 8 0.4404325
47 37 2 8 0.03824588
21 38 2 19 0.484511
23 38 2 19 0.5372603
24 38 2 19 0.02420801
25 38 2 19 0.8179829
27 38 2 24 0.7534772
28 38 2 24 0.242099
29 38 2 24 0.5134095
30 38 2 24 0.1665676
31 38 2 24 0.1501677
32 38 2 24 0.995372
33 38 2 24 0.3735822
34 38 2 24 0.2880208
35 38 2 24 0.720371
39 38 2 8 0.06486917
40 38 2 8 0.2899791
41 38 2 8 0.4608969
42 38 2 8 0.07197529
43 38 2 8 0.05238269
24 39 2 19 0.9289968
25 39 2 19 0.5590896
27 39 2 24 0.9351297
28 39 2 24 0.7954727
29 39 2 24 0.3652333
30 39 2 24 0.235792
31 39 2 24 0.2173363
32 39 2 24 0.8200774
33 39 2 24 0.5037629
34 39 2 24 0.1611427
35 39 2 24 0.8405495
49 43 2 9 0.1323678
16 44 2 15 0.3747419
17 44 2 15 0.2122538
45 44 2 9 0.9617726
46 44 2 9 0.3661325
47 44 2 9 0.8089524
48 44 2 9 0.03381258
49 44 2 9 0.0001989686
16 45 2 15 0.5727346
17 45 2 15 0.0004366455
18 45 2 15 0.0009649209
20 45 2 21 0.1090827
21 45 2 21 0.03800188
22 45 2 21 0.1464313
23 45 2 21 0.6568206
44 45 2 4 0.7761848
45 45 2 4 0.6695955
46 45 2 4 0.2310419
47 45 2 4 0.9631091
48 45 2 4 0.09930394
49 45 2 4 0.2488831
16 46 2 15 0.2188653
17 46 2 15 0.1456482
18 46 2 15 0.00211815
19 46 2 15 0.8022643
20 46 2 16 0.05911456
21 46 2 21 0.01630645
22 46 2 21 0.37289
23 46 2 21 0.9406466
40 46 2 4 0.2146585
41 46 2 4 0.4128058
42 46 2 4 0.5398156
43 46 2 4 0.8320499
44 46 2 4 0.1747926
45 46 2 4 0.9773101
46 46 2 4 0.01554807
47 46 2 4 0.2859499
48 46 2 4 0.05672332
49 46 2 4 0.07760241
16 47 2 15 9.959081e-05
17 47 2 15 0.3608689
18 47 2 15 0.4592691
19 47 2 15 0.1830715
20 47 2 16 0.008573008
21 47 2 21 0.0004972898
22 47 2 21 0.1965322
23 47 2 21 0.5238165
24 47 2 21 0.1030617
25 47 2 21 0.870394
38 47 2 4 0.4986396
39 47 2 4 0.04203037
40 47 2 4 0.6694352
41 47 2 4 0.8542992
42 47 2 4 0.1196217
43 47 2 4 0.7458601
44 47 2 4 0.4018427
45 47 2 4 0.01311602
46 47 2 4 0.01047425
47 47 2 4 0.528726
48 47 2 4 0.01359163
49 47 2 4 0.005215241
17 48 2 15 0.02293225
18 48 2 15 0.08269312
19 48 2 15 0.258962
20 48 2 16 0.08465503
21 48 2 16 2.185541e-07
22 48 2 21 0.0003227799
23 48 2 21 0.3614679
24 48 2 21 0.3726656
25 48 2 21 0.9808681
26 48 2 21 0.7721069
38 48 2 4 0.3548166
39 48 2 4 0.134951
40 48 2 4 0.3869301
41 48 2 4 0.02616015
42 48 2 4 0.03655539
43 48 2 4 0.007023967
44 48 2 4 0.0006193184
45 48 2 4 0.159356
46 48 2 4 0.52967
47 48 2 4 0.1214113
48 48 2 4 0.07056885
49 48 2 4 0.118759
17 49 2 15 0.07675598
18 49 2 15 0.6416219
19 49 2 15 0.7318543
20 49 2 16 0.003729881
21 49 2 16 1.596351e-08
22 49 2 21 7.8977e-05
23 49 2 21 0.02386701
24 49 2 21 0.146492
25 49 2 21 0.05974927
26 49 2 21 0.7714806
34 49 2 10 0.2524374
35 49 2 10 0.1394339
36 49 2 10 0.5567927
37 49 2 10 0.4887068
38 49 2 10 0.8642598
39 49 2 10 0.4132786
40 49 2 10 0.0385516
41 49 2 5 1.14054e-07
42 49 2 5 2.501451e-05
43 49 2 5 0.001179415
44 49 2 5 0.005126653
45 49 2 5 0.007648637
46 49 2 5 0.09171434
47 49 2 5 0.9399866
48 49 2 4 0.5505588
18 50 2 15 0.08186982
19 50 2 16 0.8210153
22 50 2 16 0.0005113358
23 50 2 16 0.8316934
24 50 2 16 4.074441e-05
25 50 2 16 0.02532829
26 50 2 21 0.3970059
27 50 2 21 0.7819686
28 50 2 21 0.1277908
32 50 2 10 0.2925285
33 50 2 10 0.2228055
34 50 2 10 0.1780927
35 50 2 10 6.162233e-08
36 50 2 10 0.06360237
37 50 2 10 0.8926111
38 50 2 10 0.863141
39 50 2 10 0.98248
40 50 2 10 0.1634285
41 50 2 5 4.618227e-07
42 50 2 5 0.0002029118
43 50 2 5 0.3837867
44 50 2 5 0.002412325
45 50 2 5 4.248394e-05
46 50 2 5 0.0001893697
47 50 2 5 0.282154
19 51 2 16 0.6174439
26 51 2 16 0.8823556
27 51 2 21 0.8294911
28 51 2 21 0.3382546
29 51 2 21 0.7177553
32 51 2 10 0.3126192
33 51 2 10 0.9551786
34 51 2 10 0.6649037
35 51 2 10 0.1719715
36 51 2 10 0.2570631
37 51 2 10 0.1328506
38 51 2 10 0.7625489
39 51 2 10 0.09962535
40 51 2 10 0.9574631
41 51 2 10 0.01158038
42 51 2 5 6.07084e-05
43 51 2 5 0.8805955
44 51 2 5 0.9660843
45 51 2 5 0.002260175
46 51 2 5 0.5289334
47 51 2 5 0.5041091
19 52 2 16 0.1083886
20 52 2 16 0.01287203
21 52 2 16 0.002142891
22 52 2 16 0.8393599
23 52 2 16 0.01690684
26 52 2 16 0.8684268
27 52 2 21 0.1529581
28 52 2 21 0.7115188
29 52 2 21 0.5048034
32 52 2 10 0.01259245
33 52 2 10 0.000218273
34 52 2 10 0.0001037206
35 52 2 10 0.3002023
36 52 2 10 0.0659525
37 52 2 10 0.04873327
38 52 2 10 0.5143198
39 52 2 10 0.8266448
40 52 2 10 0.7741763
41 52 2 10 0.05885947
42 52 2 5 6.713177e-07
43 52 2 5 0.001899181
44 52 2 5 0.8169651
45 52 2 5 0.2175287
46 52 2 5 0.278429
47 52 2 5 0.01047449
21 53 2 21 0.006560164
22 53 2 21 0.5397072
23 53 2 21 0.6496274
25 53 2 16 0.8031839
26 53 2 16 0.3153751
27 53 2 21 0.3982032
28 53 2 21 0.6045062
29 53 2 21 0.8833105
32 53 2 10 0.001195595
33 53 2 10 4.561289e-06
34 53 2 10 2.554344e-05
35 53 2 10 0.01500193
36 53 2 10 0.9523046
37 53 2 10 0.09047483
38 53 2 10 0.4002613
39 53 2 10 0.5363062
40 53 2 10 0.7973088
41 53 2 10 0.008710657
42 53 2 5 0.2610902
43 53 2 5 0.07065022
44 53 2 5 0.03372316
45 53 2 5 0.7177657
46 53 2 5 0.2144518
22 54 2 21 0.2675773
23 54 2 21 0.3993302
24 54 2 21 0.5567208
25 54 2 21 0.3593401
26 54 2 21 0.278556
27 54 2 21 0.1353711
28 54 2 21 0.7684448
29 54 2 21 0.252868
32 54 2 10 0.3919763
33 54 2 10 0.7543445
34 54 2 10 0.4714587
35 54 2 10 0.5338117
36 54 2 10 0.6158625
37 54 2 10 0.6104405
38 54 2 10 0.09206098
39 54 2 10 0.6044358
40 54 2 10 0.07861799
41 54 2 5 0.9392267
42 54 2 5 0.02490929
43 54 2 5 0.0481806
44 54 2 5 0.08823205
45 54 2 5 0.3501793
23 55 2 21 0.3541233
24 55 2 21 0.08750412
25 55 2 21 0.5089781
26 55 2 21 0.5405185
27 55 2 21 0.3647991
28 55 2 21 0.1050834
29 55 2 21 0.02884752
32 55 2 10 0.1305443
33 55 2 10 0.6553939
34 55 2 10 0.6740822
35 55 2 10 0.2834596
36 55 2 10 0.6242378
37 55 2 10 0.08569786
38 55 2 10 0.07569544
39 55 2 10 0.4641094
40 55 2 5 0.04368283
41 55 2 5 0.002236382
42 55 2 5 0.0006530187
43 55 2 5 1.531624e-05
44 55 2 5 0.0008944724
24 56 2 21 0.379365
25 56 2 21 0.001465063
26 56 2 21 0.004931919
27 56 2 21 0.8887996
28 56 2 21 0.03306239
29 56 2 21 0.0180059
33 56 2 10 0.002977011
34 56 2 10 0.621147
35 56 2 10 0.1536845
36 56 2 10 0.4332311
37 56 2 10 0.001642883
38 56 2 10 0.4516265
39 56 2 10 0.1134456
40 56 2 5 0.04980697
41 56 2 5 0.001191234
42 56 2 5 0.008577792
43 56 2 5 0.002117601
26 57 2 21 0.02444837
27 57 2 21 0.6971389
28 57 2 21 0.420247
29 57 2 21 0.02547545
34 57 2 10 0.002153436
35 57 2 10 0.3550946
36 57 2 10 0.004472282
37 57 2 10 0.0003750274
38 57 2 10 0.7667967
39 57 2 10 0.6761422
40 57 2 5 0.7918994
41 57 2 5 0.744142
42 57 2 5 0.3056464
34 58 2 10 0.0007345009
35 58 2 10 0.001605527
36 58 2 10 0.001003828
37 58 2 10 6.009857e-05
38 58 2 10 0.0004077344
26 22 3 13 0.1138778
38 22 3 2 0.009086129
39 22 3 2 0.3953527
24 23 3 13 0.6747881
25 23 3 13 0.3846137
26 23 3 13 0.01696394
37 23 3 2 0.09714798
38 23 3 2 0.06863809
39 23 3 2 0.5039665
40 23 3 2 0.5744317
23 24 3 13 0.1264476
24 24 3 13 0.5042109
25 24 3 13 0.6193068
26 24 3 13 0.001631481
37 24 3 2 0.3541843
38 24 3 2 0.8483388
39 24 3 2 0.4758524
40 24 3 2 0.1453244
41 24 3 2 0.2712262
21 25 3 13 0.004104877
22 25 3 13 0.06180461
23 25 3 13 0.2741507
24 25 3 13 0.4363032
25 25 3 13 0.6270247
26 25 3 13 0.1161465
37 25 3 2 0.05796595
38 25 3 2 0.9233084
39 25 3 2 0.07194305
40 25 3 2 0.5161487
41 25 3 2 0.2497921
42 25 3 2 7.176678e-05
20 26 3 14 0.1347996
21 26 3 13 0.02408917
22 26 3 13 0.9934352
23 26 3 13 0.196602
24 26 3 13 0.4081715
25 26 3 13 0.02471304
26 26 3 13 0.7874692
37 26 3 2 0.6648591
38 26 3 2 0.966844
39 26 3 2 0.002475453
40 26 3 2 0.5103764
41 26 3 2 0.05947343
42 26 3 2 0.002377567
43 26 3 2 0.3857054
20 27 3 14 0.01213862
21 27 3 13 0.3766717
22 27 3 13 0.157307
23 27 3 13 0.1194167
24 27 3 13 0.5769247
25 27 3 13 0.02387088
37 27 3 2 0.3149808
38 27 3 2 0.8086562
39 27 3 2 0.005206123
40 27 3 2 0.009421647
41 27 3 2 0.517952
42 27 3 2 0.151621
43 27 3 2 0.5201279
44 27 3 2 0.08136771
19 28 3 14 0.1602048
20 28 3 13 0.376976
21 28 3 13 0.6462864
22 28 3 13 0.9739741
23 28 3 13 0.9548971
24 28 3 13 0.1203035
25 28 3 13 0.6840242
38 28 3 2 0.6082841
39 28 3 2 0.2508355
40 28 3 2 0.0106203
41 28 3 2 0.215923
42 28 3 2 0.4586629
43 28 3 2 0.6878046
44 28 3 2 0.6767131
45 28 3 2 0.03244058
18 29 3 14 0.9866066
19 29 3 14 0.7294903
20 29 3 13 0.6921633
21 29 3 13 0.9148898
22 29 3 13 0.415001
23 29 3 13 0.1931023
24 29 3 13 0.009730138
25 29 3 13 0.2232747
37 29 3 2 0.7495795
38 29 3 2 0.2389113
39 29 3 2 0.7251523
40 29 3 2 0.2721169
41 29 3 2 0.207102
42 29 3 3 0.006773743
43 29 3 3 0.9029118
44 29 3 3 0.4972253
45 29 3 3 0.2286557
46 29 3 3 0.2436865
18 30 3 14 0.4496476
19 30 3 14 0.5938647
20 30 3 13 0.1409743
21 30 3 13 0.7969973
22 30 3 13 0.5003446
23 30 3 13 0.001920532
24 30 3 13 0.08103752
25 30 3 13 0.2043568
37 30 3 2 0.1022198
38 30 3 2 0.3338204
39 30 3 2 0.03301612
40 30 3 2 0.5954141
41 30 3 3 0.3192376
42 30 3 3 0.4867751
43 30 3 3 0.1488426
44 30 3 3 0.04811807
45 30 3 3 0.1755364
46 30 3 3 0.001518264
47 30 3 3 0.3161248
18 31 3 14 0.1243389
19 31 3 14 0.5974583
20 31 3 14 0.3103095
21 31 3 13 0.5909322
22 31 3 13 0.08005879
23 31 3 13 0.976163
24 31 3 13 0.2572723
25 31 3 13 0.3594518
37 31 3 2 0.5371676
38 31 3 2 0.8368115
39 31 3 2 0.2048108
40 31 3 2 0.603628
41 31 3 2 0.361378
42 31 3 3 0.9830954
43 31 3 3 0.2672791
44 31 3 3 0.7333005
45 31 3 3 0.9355254
46 31 3 3 0.07622572
47 31 3 3 0.3394446
18 32 3 14 0.7128894
19 32 3 14 0.01453311
20 32 3 14 0.05795778
21 32 3 14 0.6109216
22 32 3 13 0.3347698
23 32 3 13 0.4131198
24 32 3 13 0.09692452
25 32 3 13 0.01242796
27 32 3 24 0.5824847
28 32 3 24 0.1684489
29 32 3 24 0.9725341
30 32 3 24 0.9008714
31 32 3 24 0.9718169
32 32 3 24 0.8649226
33 32 3 24 0.9259463
34 32 3 24 0.004363271
35 32 3 24 3.709873e-06
37 32 3 2 0.1038343
38 32 3 2 0.6751599
39 32 3 2 0.4050833
40 32 3 2 0.239644
41 32 3 3 0.6866182
42 32 3 3 0.4363399
43 32 3 3 0.7856276
44 32 3 3 0.01952846
45 32 3 3 0.0002333186
46 32 3 8 0.0008743386
47 32 3 8 0.0001111651
17 33 3 19 0.03814123
18 33 3 19 9.241672e-05
19 33 3 14 0.1086973
20 33 3 14 0.8659
21 33 3 14 0.4693433
22 33 3 13 0.7477679
23 33 3 13 0.06765288
24 33 3 13 0.9915744
25 33 3 13 0.326368
27 33 3 24 0.2049368
28 33 3 24 0.3882384
29 33 3 24 0.727877
30 33 3 24 0.03059211
31 33 3 24 0.804475
32 33 3 24 0.3433303
33 33 3 24 0.3834928
34 33 3 24 0.002859967
35 33 3 24 0.0001490721
36 33 3 24 0.8750626
38 33 3 2 0.4617614
39 33 3 2 0.04599126
40 33 3 2 0.2042997
41 33 3 3 0.2166279
42 33 3 3 0.01200952
43 33 3 3 0.01759267
44 33 3 8 0.3256589
45 33 3 8 0.5855993
46 33 3 8 0.129431
47 33 3 8 0.9664039
17 34 3 19 0.005279777
18 34 3 19 0.878314
19 34 3 19 0.0187539
20 34 3 19 0.01846681
21 34 3 19 0.001621592
22 34 3 19 0.2841075
23 34 3 19 0.1290985
24 34 3 19 0.8606883
25 34 3 19 0.8290793
27 34 3 24 0.9796779
28 34 3 24 0.1330126
29 34 3 24 0.182795
30 34 3 24 0.191969
31 34 3 24 0.7496749
32 34 3 24 0.06697744
33 34 3 24 0.9161248
34 34 3 24 0.2815805
35 34 3 24 0.2662221
36 34 3 24 0.9774029
39 34 3 2 0.9262025
40 34 3 2 0.2446488
41 34 3 8 0.4697614
42 34 3 8 0.6641297
43 34 3 8 0.3525194
44 34 3 8 0.4392398
45 34 3 8 0.07032778
46 34 3 8 0.0242201
47 34 3 8 0.3774301
17 35 3 19 0.0009391006
18 35 3 19 0.001395061
19 35 3 19 1.224733e-07
20 35 3 19 1.39281e-06
21 35 3 19 8.475699e-06
22 35 3 19 0.04053367
23 35 3 19 0.8543143
24 35 3 19 0.3851595
25 35 3 19 0.332882
28 35 3 24 0.5848379
29 35 3 24 0.6390598
30 35 3 24 0.860218
31 35 3 24 0.465721
32 35 3 24 0.1125041
33 35 3 24 0.6428927
34 35 3 24 0.3959212
35 35 3 24 0.4106403
36 35 3 24 0.7788276
40 35 3 8 0.9376904
41 35 3 8 0.5161456
42 35 3 8 0.01573143
43 35 3 8 0.007583381
44 35 3 8 0.3938682
45 35 3 8 0.00470477
46 35 3 8 0.02186258
47 35 3 8 0.7725456
18 36 3 19 0.3372022
19 36 3 19 0.2792995
20 36 3 19 0.1218439
21 36 3 19 0.0136106
22 36 3 19 0.05829993
23 36 3 19 0.03350826
24 36 3 19 0.06149115
25 36 3 19 0.4635344
28 36 3 24 0.07534592
29 36 3 24 0.5699182
30 36 3 24 0.9089351
31 36 3 24 0.9256224
32 36 3 24 0.6115185
33 36 3 24 0.05386717
34 36 3 24 0.1783607
35 36 3 24 0.15743
36 36 3 24 0.8598238
39 36 3 8 0.3326457
40 36 3 8 0.01600824
41 36 3 8 0.6835621
42 36 3 8 0.2872701
43 36 3 8 0.1866586
44 36 3 8 0.4247591
45 36 3 8 0.3813664
46 36 3 8 0.03411978
47 36 3 8 0.02476928
20 37 3 19 0.06885882
21 37 3 19 0.4824995
22 37 3 19 0.9769951
23 37 3 19 0.7764791
24 37 3 19 0.00924186
25 37 3 19 0.9036994
27 37 3 24 0.100154
28 37 3 24 0.165724
29 37 3 24 0.1791551
30 37 3 24 0.9634179
31 37 3 24 0.1262244
32 37 3 24 0.351336
33 37 3 24 0.4778505
34 37 3 24 0.8200639
35 37 3 24 0.1137491
39 37 3 8 0.8422314
40 37 3 8 0.4146399
41 37 3 8 0.24601
42 37 3 8 0.6729003
22 38 3 19 0.3870638
23 38 3 19 0.7962379
24 38 3 19 0.3596144
27 38 3 24 0.6783131
28 38 3 24 0.102353
29 38 3 24 0.04424268
30 38 3 24 0.3764049
31 38 3 24 0.03966555
32 38 3 24 0.18922
33 38 3 24 0.8067133
34 38 3 24 0.0548177
35 38 3 24 0.647436
39 38 3 8 0.9326484
40 38 3 8 0.1388655
41 38 3 8 0.507792
42 38 3 8 0.004765891
27 39 3 24 0.8983592
28 39 3 24 0.006587607
29 39 3 24 0.07895852
30 39 3 24 0.9194704
31 39 3 24 0.2173848
32 39 3 24 0.4425633
33 39 3 24 0.3421656
34 39 3 24 0.003792156
35 39 3 24 0.8498551
15 40 3 20 0.004655715
27 40 3 24 0.1238959
28 40 3 24 0.6846425
29 40 3 24 0.9387568
30 40 3 24 0.6529229
31 40 3 24 0.08073624
32 40 3 24 0.004823329
33 40 3 24 0.5624424
34 40 3 24 0.3447978
35 40 3 24 0.533004
15 41 3 20 0.5740864
15 42 3 20 0.1169847
16 42 3 20 0.8273809
17 42 3 20 0.09008701
15 43 3 20 0.4176965
16 43 3 20 0.4320131
17 43 3 20 0.01322011
18 43 3 20 0.1864729
15 44 3 15 0.8479465
16 44 3 15 0.5543949
17 44 3 15 0.01742685
18 44 3 15 0.03674793
20 44 3 16 0.4970755
21 44 3 16 0.3362778
22 44 3 16 0.7282774
15 45 3 15 0.6634586
16 45 3 15 0.2793769
17 45 3 15 0.007935987
18 45 3 15 0.008289371
19 45 3 15 0.5055135
20 45 3 16 0.05584933
21 45 3 16 0.009642028
22 45 3 16 0.8986123
23 45 3 21 0.6449445
24 45 3 21 0.9208091
42 45 3 4 0.03991708
43 45 3 4 0.666476
44 45 3 4 0.1537567
45 45 3 4 0.04806497
46 45 3 4 0.5989693
47 45 3 4 0.5159801
48 45 3 4 0.1374248
49 45 3 4 0.1045826
50 45 3 4 0.3695673
15 46 3 15 0.3214083
16 46 3 15 0.293012
17 46 3 15 0.1504092
18 46 3 15 0.8552571
19 46 3 15 0.6225353
20 46 3 16 0.3921538
21 46 3 16 0.01239887
22 46 3 16 0.05952725
23 46 3 21 0.1518808
24 46 3 21 0.5632042
25 46 3 21 0.5166089
40 46 3 5 0.3772335
41 46 3 5 0.4516371
42 46 3 4 0.3985988
43 46 3 4 0.6797684
44 46 3 4 0.6585654
45 46 3 4 0.01122016
46 46 3 4 0.0002641476
47 46 3 4 0.001141072
48 46 3 4 0.3318336
49 46 3 4 0.9992114
50 46 3 4 0.8401751
15 47 3 15 0.1606656
16 47 3 15 0.009488633
17 47 3 15 0.2423236
18 47 3 15 0.3409271
19 47 3 15 0.2447451
20 47 3 16 0.07572921
21 47 3 16 0.0008588563
22 47 3 16 0.009746315
23 47 3 16 0.8022483
24 47 3 21 0.712136
25 47 3 21 0.7612164
26 47 3 21 0.6235446
39 47 3 5 0.5802283
40 47 3 5 0.4146599
41 47 3 5 0.211089
42 47 3 5 0.2784007
43 47 3 4 0.0220125
44 47 3 4 0.6171281
45 47 3 4 0.003149382
46 47 3 4 0.00121257
47 47 3 4 0.3574545
48 47 3 4 0.1496934
49 47 3 4 2.450525e-05
50 47 3 4 2.581154e-05
17 48 3 15 0.7468595
18 48 3 15 0.9199137
19 48 3 15 0.8655217
20 48 3 16 0.6363651
21 48 3 16 0.005100043
22 48 3 16 0.05222316
23 48 3 16 0.830515
24 48 3 21 0.359573
25 48 3 21 0.2864194
26 48 3 21 0.9562717
27 48 3 21 0.5059913
38 48 3 10 0.04971098
39 48 3 5 4.242048e-07
40 48 3 5 0.0001077266
41 48 3 5 0.025147
42 48 3 5 0.2759209
43 48 3 4 0.8258261
44 48 3 4 0.5340158
45 48 3 5 0.1379706
46 48 3 5 0.9066071
47 48 3 0 0.01964466
47 48 3 5 0.01964466
48 48 3 4 0.05632406
49 48 3 4 0.0008640991
50 48 3 4 0.006708648
17 49 3 15 0.1499201
18 49 3 15 0.4002935
19 49 3 16 0.0182237
20 49 3 16 0.6887464
21 49 3 16 5.406401e-05
22 49 3 16 8.919381e-05
23 49 3 16 0.113025
24 49 3 21 0.181428
25 49 3 21 0.1099292
26 49 3 21 0.7802625
27 49 3 21 0.6335622
33 49 3 10 0.276546
34 49 3 10 0.0880918
35 49 3 10 0.2270998
36 49 3 10 0.6110505
37 49 3 10 0.4187122
38 49 3 10 0.02890745
39 49 3 10 4.71305e-09
40 49 3 5 7.62248e-08
41 49 3 5 0.02604434
42 49 3 5 0.3566616
43 49 3 5 0.04728633
44 49 3 5 0.0931357
45 49 3 5 0.02637043
46 49 3 5 6.913968e-05
47 49 3 5 0.0002162808
48 49 3 4 0.4255882
49 49 3 4 0.2500812
17 50 3 15 0.9671834
18 50 3 15 0.007829717
19 50 3 16 0.6040642
20 50 3 16 0.002442032
21 50 3 16 4.757911e-05
22 50 3 16 0.8469236
23 50 3 16 0.05845503
24 50 3 16 0.9110856
25 50 3 16 0.4272968
26 50 3 16 0.9388796
27 50 3 21 0.1945879
28 50 3 21 0.7839768
29 50 3 21 0.1318103
33 50 3 10 0.0001539624
34 50 3 10 0.02222169
35 50 3 10 0.00362409
36 50 3 10 0.4400365
37 50 3 10 0.7257182
38 50 3 10 0.03330955
39 50 3 10 0.1120491
40 50 3 5 0.03162478
41 50 3 5 0.005530093
42 50 3 5 0.9723775
43 50 3 5 0.2329522
44 50 3 5 0.0006926709
45 50 3 5 8.175598e-05
46 50 3 5 0.0003973887
47 50 3 5 9.277007e-05
48 50 3 5 6.466458e-06
18 51 3 15 0.8479673
19 51 3 16 0.03149671
20 51 3 16 0.02975447
21 51 3 16 0.001933014
22 51 3 16 0.483855
23 51 3 16 0.742137
24 51 3 16 0.06453927
25 51 3 16 0.1558444
26 51 3 16 0.6883366
27 51 3 21 0.8272526
28 51 3 21 0.3240374
29 51 3 21 0.5326574
33 51 3 10 0.009531681
34 51 3 10 0.5399771
35 51 3 10 0.3138709
36 51 3 10 0.995664
37 51 3 10 0.894029
38 51 3 10 0.5493519
39 51 3 10 0.6217331
40 51 3 10 0.03807663
41 51 3 5 0.001223322
42 51 3 5 0.05369693
43 51 3 5 0.9779524
44 51 3 5 0.1083367
45 51 3 5 0.1808291
46 51 3 5 0.2355073
47 51 3 5 0.3892143
48 51 3 5 0.4315187
18 52 3 16 0.4871449
19 52 3 16 0.6843776
20 52 3 16 0.1561275
21 52 3 16 0.005801891
22 52 3 16 0.2064264
23 52 3 16 0.4081897
24 52 3 16 0.3374202
25 52 3 21 0.1179338
26 52 3 21 0.3515286
27 52 3 21 0.04325559
28 52 3 21 0.7181202
29 52 3 21 0.04406676
33 52 3 10 0.07208076
34 52 3 10 0.05332449
35 52 3 10 0.1403977
36 52 3 10 0.488677
37 52 3 10 0.9288891
38 52 3 10 0.03026042
39 52 3 10 0.00884111
40 52 3 10 0.02835039
41 52 3 5 0.9044072
42 52 3 5 0.1834453
43 52 3 5 0.001220034
44 52 3 5 0.08004464
45 52 3 5 0.5469728
46 52 3 5 0.8853195
47 52 3 5 0.2834892
19 53 3 16 0.4822281
20 53 3 16 0.9513839
21 53 3 16 0.01889287
22 53 3 16 0.6689767
23 53 3 21 0.1278872
24 53 3 21 0.5184573
25 53 3 21 0.2373936
26 53 3 21 0.7841939
27 53 3 21 0.9339555
28 53 3 21 0.488344
29 53 3 21 0.007363776
33 53 3 10 0.4410758
34 53 3 10 0.8217708
35 53 3 10 0.1534012
36 53 3 10 0.7774347
37 53 3 10 0.9022943
38 53 3 10 0.07534674
39 53 3 10 0.566779
40 53 3 5 0.5280546
41 53 3 5 0.1058398
42 53 3 5 0.02938321
43 53 3 5 0.01688611
44 53 3 5 0.6797229
45 53 3 5 0.4221708
46 53 3 5 0.5511296
47 53 3 5 0.1752401
19 54 3 16 0.5460972
20 54 3 16 0.7185467
21 54 3 16 0.1168512
22 54 3 16 0.3677127
23 54 3 21 0.8673848
24 54 3 21 0.02102651
25 54 3 21 0.0006958481
26 54 3 21 0.04974443
27 54 3 21 0.1215315
28 54 3 21 0.5406171
29 54 3 21 0.4237049
33 54 3 10 0.1494807
34 54 3 10 0.3851916
35 54 3 10 0.6747278
36 54 3 10 0.1360808
37 54 3 10 0.4941751
38 54 3 10 0.9079118
39 54 3 10 0.9106836
40 54 3 5 0.07357596
41 54 3 5 0.0139901
42 54 3 5 7.469823e-06
43 54 3 5 0.0001743344
44 54 3 5 0.0477545
45 54 3 5 0.1124625
46 54 3 5 0.02845618
21 55 3 16 0.3801001
22 55 3 16 0.3530353
23 55 3 21 0.7274875
24 55 3 21 0.6042545
25 55 3 21 0.002478588
26 55 3 21 0.06260018
27 55 3 21 0.1978825
28 55 3 21 0.0002932749
29 55 3 21 0.007531549
33 55 3 10 0.6550897
34 55 3 10 0.333294
35 55 3 10 0.7287982
36 55 3 10 0.2631852
37 55 3 10 0.0004798603
38 55 3 10 0.00954507
39 55 3 10 0.7532628
40 55 3 5 0.2544048
41 55 3 5 0.2657892
42 55 3 5 4.865411e-07
43 55 3 5 0.000113813
44 55 3 5 0.05581448
45 55 3 5 0.003456794
22 56 3 16 0.7508761
23 56 3 21 0.04405848
24 56 3 21 0.4988927
25 56 3 21 0.007259961
26 56 3 21 0.08390857
27 56 3 21 0.2769674
28 56 3 21 0.0009768196
29 56 3 21 0.3079053
33 56 3 10 0.4428255
34 56 3 10 0.1908013
35 56 3 10 0.3481737
36 56 3 10 0.008636689
37 56 3 10 0.0003658561
38 56 3 10 0.1100828
39 56 3 10 0.2233309
40 56 3 10 0.0004229836
41 56 3 5 0.2196214
42 56 3 5 0.3408959
43 56 3 5 0.01174034
44 56 3 5 0.006218287
23 57 3 16 0.06072285
24 57 3 21 0.3761397
25 57 3 21 0.4527563
26 57 3 21 0.1328194
27 57 3 21 0.999612
28 57 3 21 0.7508348
29 57 3 21 0.3193746
34 57 3 10 0.03494212
35 57 3 10 0.2709938
36 57 3 10 0.1459639
37 57 3 10 0.0005268766
38 57 3 10 0.01759272
39 57 3 10 2.590621e-05
40 57 3 10 0.000547604
41 57 3 5 0.1260371
42 57 3 5 0.003306163
43 57 3 5 0.478283
25 58 3 21 0.3785001
26 58 3 21 0.8662581
27 58 3 21 0.300857
28 58 3 21 0.2219958
34 58 3 10 0.009624233
35 58 3 10 0.7641093
36 58 3 10 0.2253814
37 58 3 10 0.6062609
38 58 3 10 0.8769677
39 58 3 10 0.03025567
40 58 3 10 0.610315
41 58 3 5 0.9733841
42 58 3 5 0.1233839
34 59 3 10 0.06106303
35 59 3 10 0.005599536
36 59 3 10 0.009413436
37 59 3 10 0.1854459
38 59 3 10 0.622284
39 59 3 10 0.7161468
25 21 4 13 0.06883698
26 21 4 13 0.3327579
27 21 4 13 0.06602091
39 21 4 2 0.2569488
24 22 4 13 0.4186013
25 22 4 13 0.007474833
26 22 4 13 0.006579882
27 22 4 13 0.9909888
39 22 4 2 0.4017132
40 22 4 2 0.3903955
23 23 4 13 7.491735e-05
24 23 4 13 0.8120837
25 23 4 13 0.7749579
26 23 4 13 0.001432585
27 23 4 13 0.02694334
38 23 4 2 0.1548929
39 23 4 2 0.02521472
40 23 4 2 0.006410402
41 23 4 2 0.2177828
21 24 4 13 0.4115255
22 24 4 13 0.02970487
23 24 4 13 0.7215232
24 24 4 13 0.4594585
25 24 4 13 0.7332765
26 24 4 13 0.3820833
37 24 4 2 0.8609907
38 24 4 2 0.7323088
39 24 4 2 0.8263488
40 24 4 2 0.1980831
41 24 4 2 0.376341
42 24 4 2 0.865039
21 25 4 13 0.4406236
22 25 4 13 0.6202357
23 25 4 13 0.6632088
24 25 4 13 0.7698883
25 25 4 13 0.5078891
26 25 4 13 0.2510344
37 25 4 2 0.1007078
38 25 4 2 0.7165859
39 25 4 2 0.02824556
40 25 4 2 0.08204449
41 25 4 2 0.0625302
42 25 4 2 0.1280248
43 25 4 2 1.703196e-05
19 26 4 14 0.450757
20 26 4 14 0.9122741
21 26 4 14 0.2901846
22 26 4 13 0.4802848
23 26 4 13 0.5616495
24 26 4 13 0.8123675
25 26 4 13 0.3786964
26 26 4 13 0.1252233
37 26 4 2 0.7269837
38 26 4 2 0.7446972
39 26 4 2 0.006522483
40 26 4 2 0.115114
41 26 4 2 0.329629
42 26 4 2 0.00770834
43 26 4 2 0.002302215
44 26 4 2 0.7583569
19 27 4 14 0.6301415
20 27 4 14 0.8156513
21 27 4 14 0.7464401
22 27 4 13 0.5568212
23 27 4 13 0.5626593
24 27 4 13 0.8472189
25 27 4 13 0.02820935
26 27 4 13 0.07771115
37 27 4 2 0.837434
38 27 4 2 0.4088033
39 27 4 2 0.002874519
40 27 4 2 0.4892076
41 27 4 2 0.4909164
42 27 4 2 0.001194864
43 27 4 2 0.8290545
44 27 4 2 0.8246144
45 27 4 2 0.1160437
18 28 4 14 0.1164696
19 28 4 14 0.1557156
20 28 4 14 0.4569442
21 28 4 14 0.4071607
22 28 4 13 0.800762
23 28 4 13 0.3278351
24 28 4 13 0.9331778
25 28 4 13 0.5009263
38 28 4 2 0.5590285
39 28 4 2 0.06114108
40 28 4 2 0.2484477
41 28 4 2 0.7913722
42 28 4 2 0.1447139
43 28 4 2 0.7667968
44 28 4 2 0.6400531
45 28 4 2 0.04567555
46 28 4 2 0.1120947
18 29 4 14 0.880072
19 29 4 14 0.1673919
20 29 4 14 0.8990449
21 29 4 14 0.2764984
22 29 4 13 0.7328719
23 29 4 13 0.8676175
24 29 4 13 0.6671611
25 29 4 13 0.3536045
38 29 4 2 0.4890316
39 29 4 2 0.7591827
40 29 4 2 0.5303381
41 29 4 2 0.05512462
42 29 4 3 0.3640812
43 29 4 3 0.2979797
44 29 4 3 0.5243567
45 29 4 3 0.2867798
46 29 4 3 0.9986267
47 29 4 3 0.5710177
17 30 4 14 0.8361888
18 30 4 14 0.006776619
19 30 4 14 0.3099374
20 30 4 14 0.9814259
21 30 4 14 0.2785876
22 30 4 13 0.3115349
23 30 4 13 0.002518124
24 30 4 13 0.2270937
38 30 4 2 0.9628481
39 30 4 2 0.4084913
40 30 4 2 0.2156778
41 30 4 3 0.1950511
42 30 4 3 0.8985963
43 30 4 3 0.7469691
44 30 4 3 0.1406655
45 30 4 3 0.02191539
46 30 4 3 0.827688
47 30 4 3 0.9252132
17 31 4 14 0.9721723
18 31 4 14 0.2325721
19 31 4 14 0.04119796
20 31 4 14 0.3588511
21 31 4 14 0.07294375
22 31 4 13 0.3186734
23 31 4 13 0.7487549
24 31 4 13 0.02421107
38 31 4 2 0.06729379
39 31 4 2 0.08032964
40 31 4 3 0.5755492
41 31 4 3 0.4537305
42 31 4 3 0.09268699
43 31 4 3 0.9542054
44 31 4 3 0.1300215
45 31 4 3 0.7248101
46 31 4 3 0.9297226
47 31 4 3 0.9177665
17 32 4 14 0.6850908
18 32 4 14 0.003092878
19 32 4 14 0.0254424
20 32 4 14 0.7525864
21 32 4 14 0.02084449
40 32 4 3 0.7017615
41 32 4 3 0.1533717
42 32 4 3 0.315987
43 32 4 3 0.001653985
44 32 4 3 0.09514887
45 32 4 3 0.01439893
46 32 4 8 0.7993897
47 32 4 8 0.6298388
16 33 4 19 0.8271974
17 33 4 19 0.7592431
18 33 4 14 0.8240473
19 33 4 14 0.5173895
20 33 4 14 0.9744512
21 33 4 14 0.3413462
40 33 4 3 0.02423899
41 33 4 3 0.1371601
42 33 4 3 8.697647e-06
43 33 4 3 0.002889446
44 33 4 3 0.01435031
45 33 4 8 0.001413616
46 33 4 8 0.8190537
47 33 4 8 0.01648354
48 33 4 8 0.0001179479
16 34 4 19 0.9413613
17 34 4 19 0.03794415
18 34 4 19 0.9683595
19 34 4 19 0.0480594
20 34 4 19 0.8363789
21 34 4 19 0.1845421
22 34 4 19 0.3975705
23 34 4 19 0.2008855
41 34 4 3 0.3982664
42 34 4 3 0.007529889
43 34 4 8 0.787568
44 34 4 8 0.5212286
45 34 4 8 0.2687351
46 34 4 8 0.176207
47 34 4 8 0.1023667
48 34 4 8 0.004656125
16 35 4 19 0.9536194
17 35 4 19 0.002585049
18 35 4 19 4.291937e-05
19 35 4 19 0.0003260027
20 35 4 19 5.855959e-05
21 35 4 19 0.002345003
22 35 4 19 0.1397996
23 35 4 19 0.521291
24 35 4 19 0.03636672
25 35 4 19 0.2511919
41 35 4 8 0.5450772
42 35 4 8 0.7705906
43 35 4 8 0.5944201
44 35 4 8 0.9834137
45 35 4 8 0.2240494
46 35 4 8 0.4917685
47 35 4 8 0.01088748
48 35 4 8 0.8714637
16 36 4 19 0.8976971
17 36 4 19 0.7209037
18 36 4 19 0.5149498
19 36 4 19 0.8598422
20 36 4 19 0.880483
21 36 4 19 0.5503495
22 36 4 19 0.09404283
23 36 4 19 0.7036141
24 36 4 19 0.8105528
41 36 4 8 0.2182706
42 36 4 8 0.6715114
43 36 4 8 0.9181974
44 36 4 8 0.6357295
45 36 4 8 0.9695939
46 36 4 8 0.6105933
47 36 4 8 0.1274919
19 37 4 19 0.003846781
20 37 4 19 0.1494376
21 37 4 19 0.6358951
22 37 4 19 0.1196483
23 37 4 19 0.02781077
41 37 4 8 0.9247503
42 37 4 8 0.6791935
43 37 4 8 0.3703607
44 37 4 8 0.6990823
45 37 4 8 0.6099621
21 38 4 19 0.3502716
22 38 4 19 0.5943308
23 38 4 19 0.4837528
15 39 4 20 0.09677473
16 39 4 20 0.08169649
15 40 4 20 0.9736665
16 40 4 20 0.2921544
17 40 4 20 0.540535
15 41 4 20 0.7679412
16 41 4 20 0.3291543
17 41 4 20 0.6607355
14 42 4 20 0.6166237
15 42 4 20 0.6975015
16 42 4 20 0.06821516
17 42 4 20 0.9692372
18 42 4 20 0.805852
19 42 4 20 0.002755104
20 42 4 20 0.1172636
14 43 4 20 0.3577637
15 43 4 20 0.895111
16 43 4 20 0.2272055
17 43 4 20 0.590284
18 43 4 20 0.6834947
19 43 4 20 0.5118271
20 43 4 20 0.8153095
21 43 4 20 0.7047952
14 44 4 15 0.5168828
15 44 4 15 0.3950235
16 44 4 15 0.3062861
17 44 4 15 0.707011
18 44 4 15 0.1897628
19 44 4 0 0.1324401
19 44 4 20 0.1324401
20 44 4 0 0.43483
20 44 4 20 0.43483
21 44 4 16 0.6282676
22 44 4 16 0.561412
23 44 4 21 0.2316647
14 45 4 15 0.6989633
15 45 4 15 0.351158
16 45 4 15 0.0751675
17 45 4 15 0.8254961
18 45 4 15 0.005277108
19 45 4 15 0.0003225019
20 45 4 15 0.3191546
21 45 4 16 0.9641932
22 45 4 16 0.01354613
23 45 4 21 0.1418439
24 45 4 21 0.1091887
50 45 4 4 0.3285578
14 46 4 15 0.1755226
15 46 4 15 0.2581613
16 46 4 15 0.8493905
17 46 4 15 0.2349153
18 46 4 15 0.3831114
19 46 4 15 0.1850282
20 46 4 15 0.6821622
21 46 4 16 0.2837994
22 46 4 16 0.562853
23 46 4 21 0.2479481
24 46 4 21 0.02134104
40 46 4 5 0.6109766
41 46 4 5 0.9587449
42 46 4 4 0.8000741
43 46 4 4 0.5806498
44 46 4 4 0.7632486
45 46 4 4 0.1514255
46 46 4 4 0.4181975
47 46 4 4 0.5564202
48 46 4 4 0.6343232
49 46 4 4 0.7087034
50 46 4 4 0.4271272
14 47 4 15 0.3293053
15 47 4 15 0.005395903
16 47 4 15 0.3317343
17 47 4 15 0.9715734
18 47 4 15 0.3309025
19 47 4 15 0.2888792
20 47 4 15 0.931232
21 47 4 16 0.2177089
22 47 4 16 0.1160397
23 47 4 16 0.001944714
24 47 4 21 0.9484331
37 47 4 10 0.7423379
39 47 4 5 0.856046
40 47 4 5 0.04327877
41 47 4 5 0.1771163
42 47 4 5 0.8310586
43 47 4 5 0.01772548
44 47 4 5 0.00314592
45 47 4 5 0.06309921
46 47 4 4 0.3522589
47 47 4 4 0.6414213
48 47 4 4 7.038595e-05
49 47 4 4 0.08761573
50 47 4 4 0.6796473
15 48 4 15 0.6800807
16 48 4 15 0.6472999
17 48 4 15 0.7567836
18 48 4 15 0.4509286
19 48 4 15 0.3866387
20 48 4 16 0.900994
21 48 4 16 0.2114561
22 48 4 16 0.002904026
23 48 4 16 0.002659936
24 48 4 21 0.3986377
25 48 4 21 0.5446684
36 48 4 10 0.9920667
37 48 4 10 0.3613106
38 48 4 10 0.9100178
39 48 4 5 0.0003406093
40 48 4 5 0.0003817832
41 48 4 5 0.9535295
42 48 4 5 0.4421985
43 48 4 5 0.0001828622
44 48 4 5 0.002731298
45 48 4 5 0.2355429
46 48 4 5 0.1018498
47 48 4 4 0.4245566
48 48 4 4 0.3165943
49 48 4 4 0.08509473
50 48 4 4 0.0003007739
16 49 4 15 0.09324219
17 49 4 15 0.9934579
18 49 4 15 0.2594458
19 49 4 16 0.8531811
20 49 4 16 0.6185685
21 49 4 16 0.9312801
22 49 4 16 0.001905298
23 49 4 16 0.008649048
24 49 4 21 0.05894499
25 49 4 21 0.557995
26 49 4 21 0.9788176
34 49 4 10 0.1911251
35 49 4 10 0.08224511
36 49 4 10 0.9726457
37 49 4 10 0.3753142
38 49 4 10 0.5366445
39 49 4 10 0.0001384112
40 49 4 5 0.0002257399
41 49 4 5 0.06482026
42 49 4 5 0.5518957
43 49 4 5 0.5994816
44 49 4 5 0.3852737
45 49 4 5 0.8619605
46 49 4 5 0.004258925
47 49 4 5 0.001045243
48 49 4 4 0.9897152
49 49 4 4 0.001020476
50 49 4 4 0.2869626
17 50 4 16 0.9718257
18 50 4 16 0.8593484
19 50 4 16 0.547369
20 50 4 16 0.05168276
21 50 4 16 0.6969537
22 50 4 16 0.1214755
23 50 4 16 0.5364044
24 50 4 16 0.8766859
25 50 4 21 0.5342789
26 50 4 21 0.9407874
27 50 4 21 0.5510539
34 50 4 10 0.4632396
35 50 4 10 0.7282347
36 50 4 10 0.1838385
37 50 4 10 0.9653138
38 50 4 10 0.7691543
39 50 4 10 0.7409236
40 50 4 10 0.08378973
41 50 4 5 0.0005752907
42 50 4 5 0.193445
43 50 4 5 0.601774
44 50 4 5 0.2535803
45 50 4 5 0.7179015
46 50 4 5 0.111955
47 50 4 5 3.669519e-05
48 50 4 5 0.005140813
49 50 4 4 0.3609979
17 51 4 16 0.7008721
18 51 4 16 0.3774323
19 51 4 16 0.1391561
20 51 4 16 0.04166323
21 51 4 16 0.02013597
22 51 4 16 0.0001875413
23 51 4 16 4.260883e-05
24 51 4 16 0.0004234996
25 51 4 21 0.7380259
26 51 4 21 0.3695111
27 51 4 21 0.04168659
28 51 4 21 0.05094729
29 51 4 21 0.1545543
34 51 4 10 0.3384028
35 51 4 10 0.6010723
36 51 4 10 0.3452022
37 51 4 10 0.5352155
38 51 4 10 0.2855623
39 51 4 10 0.3726265
40 51 4 10 0.2022221
41 51 4 5 0.0004002404
42 51 4 5 0.0001540407
43 51 4 5 0.003466936
44 51 4 5 0.6365922
45 51 4 5 0.7102194
46 51 4 5 0.2963465
47 51 4 5 0.1118045
48 51 4 5 0.2060046
17 52 4 16 0.6344455
18 52 4 16 0.549108
19 52 4 16 0.7196417
20 52 4 16 0.4442237
21 52 4 16 0.03921612
22 52 4 16 0.002346155
23 52 4 16 0.0005577611
24 52 4 16 0.07406712
25 52 4 21 0.07293063
26 52 4 21 0.0939027
27 52 4 21 0.09944449
28 52 4 21 0.07122115
29 52 4 21 0.9125264
33 52 4 10 0.285586
34 52 4 10 0.8427316
35 52 4 10 0.4002455
36 52 4 10 0.9827395
37 52 4 10 0.2607686
38 52 4 10 0.5859952
39 52 4 10 0.05187283
40 52 4 10 0.3058705
41 52 4 5 0.002224558
42 52 4 5 2.809954e-09
43 52 4 5 0.932538
44 52 4 5 0.8282861
45 52 4 5 0.1705666
46 52 4 5 0.5759444
47 52 4 5 0.3067995
48 52 4 5 0.2599102
18 53 4 16 0.1465506
19 53 4 16 0.1627018
20 53 4 16 0.05900702
21 53 4 16 0.5687206
22 53 4 16 0.08734908
23 53 4 21 0.007611697
24 53 4 21 0.2025572
25 53 4 21 0.02363482
26 53 4 21 0.008169319
27 53 4 21 0.1304176
28 53 4 21 0.6413146
29 53 4 21 0.7672232
33 53 4 10 0.8241166
34 53 4 10 0.6538661
35 53 4 10 0.7702802
36 53 4 10 0.8937994
37 53 4 10 0.05745625
38 53 4 10 0.1882387
39 53 4 10 0.2598731
40 53 4 10 0.7571818
41 53 4 5 0.1226644
42 53 4 5 2.82646e-05
43 53 4 5 0.9165011
44 53 4 5 0.6460814
45 53 4 5 0.3084272
46 53 4 5 0.6843993
47 53 4 5 0.141401
19 54 4 16 0.1389453
20 54 4 16 0.8809766
21 54 4 16 0.1222345
22 54 4 16 0.3840674
23 54 4 21 0.0286471
24 54 4 21 0.1730157
25 54 4 21 5.359575e-05
26 54 4 21 0.01287372
27 54 4 21 0.2004194
28 54 4 21 0.262186
29 54 4 21 0.8343793
33 54 4 10 0.9424135
34 54 4 10 0.6754695
35 54 4 10 0.1625632
36 54 4 10 0.2440861
37 54 4 10 0.1153902
38 54 4 10 0.04040122
39 54 4 5 0.7947054
40 54 4 5 0.3282779
41 54 4 5 0.2927606
42 54 4 5 0.1236184
43 54 4 5 0.4151891
44 54 4 5 0.2635536
45 54 4 5 0.7136275
46 54 4 5 0.6228461
47 54 4 5 0.7057693
20 55 4 16 0.5494644
21 55 4 16 0.2545539
22 55 4 16 0.6987056
23 55 4 21 0.8467307
24 55 4 21 0.05165955
25 55 4 21 0.06751073
26 55 4 21 0.9428828
27 55 4 21 0.6540963
28 55 4 21 0.7946721
29 55 4 21 0.107922
32 55 4 10 0.2645853
33 55 4 10 0.7002059
34 55 4 10 0.7976052
35 55 4 10 0.7135882
36 55 4 10 0.3854829
37 55 4 10 0.09408229
38 55 4 10 0.04395743
39 55 4 5 0.9452801
40 55 4 5 0.02492828
41 55 4 5 0.2380292
42 55 4 5 0.2718132
43 55 4 5 0.7252216
44 55 4 5 0.3398251
45 55 4 5 0.4916258
46 55 4 5 0.01230889
21 56 4 16 0.9214347
22 56 4 16 0.7128582
23 56 4 16 0.4341325
24 56 4 21 0.2896835
25 56 4 21 0.1025603
26 56 4 21 0.5661765
27 56 4 21 0.5302656
28 56 4 21 0.137608
29 56 4 21 0.2519033
32 56 4 10 0.03871699
33 56 4 10 0.6666677
34 56 4 10 0.3645189
35 56 4 10 0.4545826
36 56 4 10 0.2827784
37 56 4 10 0.0003057285
38 56 4 10 0.004493751
39 56 4 10 0.8009735
40 56 4 5 0.3161412
41 56 4 5 0.1829032
42 56 4 5 0.9687958
43 56 4 5 0.1252361
44 56 4 5 0.5239985
45 56 4 5 0.2775187
22 57 4 16 0.06507317
23 57 4 16 0.1891623
24 57 4 21 0.4106447
25 57 4 21 0.3718141
26 57 4 21 0.4495661
27 57 4 21 0.8344448
28 57 4 21 0.910231
29 57 4 21 0.5101735
32 57 4 10 0.08469428
33 57 4 10 0.2691998
34 57 4 10 0.05583604
35 57 4 10 0.1103332
36 57 4 10 0.9145394
37 57 4 10 0.003485357
38 57 4 10 0.001393526
39 57 4 10 0.004258345
40 57 4 10 0.4985348
41 57 4 5 0.1270711
42 57 4 5 0.3169278
43 57 4 5 0.001324968
44 57 4 5 0.1422828
23 58 4 16 0.6763492
24 58 4 21 0.8474195
25 58 4 21 0.3518307
26 58 4 21 0.3425079
27 58 4 21 0.2193207
28 58 4 21 0.8194259
29 58 4 21 0.3028513
33 58 4 10 0.004618271
34 58 4 10 0.2767608
35 58 4 10 0.6306329
36 58 4 10 0.5038839
37 58 4 10 0.8921389
38 58 4 10 0.01666909
39 58 4 10 1.71565e-05
40 58 4 10 0.8955538
41 58 4 5 0.6351049
42 58 4 5 0.1410331
43 58 4 5 0.257168
24 59 4 21 0.7468567
25 59 4 21 0.1549962
26 59 4 21 0.6427736
28 59 4 21 0.643504
29 59 4 21 0.0161443
34 59 4 10 0.8287061
35 59 4 10 0.08668371
36 59 4 10 0.01232338
37 59 4 10 0.5077343
38 59 4 10 0.8741463
39 59 4 10 0.1042457
40 59 4 10 0.0005848873
35 60 4 10 0.005612132
37 60 4 10 0.1239455
38 60 4 10 0.451258
24 16 5 13 0.124067
25 16 5 13 0.9531464
26 16 5 13 0.01898228
27 16 5 13 0.05501453
40 16 5 2 0.7436188
41 16 5 2 0.1207642
24 17 5 13 0.1315662
25 17 5 13 0.6073446
26 17 5 13 0.0001875623
27 17 5 13 0.001837912
39 17 5 2 0.07846619
40 17 5 2 0.4611391
41 17 5 2 0.04064602
42 17 5 2 0.0008754026
23 18 5 13 0.001394451
24 18 5 13 0.153546
25 18 5 13 0.2808168
26 18 5 13 0.0001047677
37 18 5 2 0.5672131
38 18 5 2 0.9193816
39 18 5 2 0.1567425
40 18 5 2 0.8754727
41 18 5 2 0.2095173
42 18 5 2 0.5274412
43 18 5 2 0.01440596
22 19 5 13 0.2442436
23 19 5 13 0.005880562
24 19 5 13 0.006505734
25 19 5 13 0.5646069
26 19 5 13 0.03398183
37 19 5 2 0.4475353
38 19 5 2 0.2272718
39 19 5 2 0.1337896
40 19 5 2 0.1510811
41 19 5 2 0.07225625
42 19 5 2 0.04064829
43 19 5 2 0.2559592
44 19 5 2 0.002466631
21 20 5 13 0.707481
22 20 5 13 0.03812283
23 20 5 13 0.9168777
24 20 5 13 0.0871193
25 20 5 13 0.3304484
38 20 5 2 0.2047119
39 20 5 2 0.7132827
40 20 5 2 0.2530572
41 20 5 2 0.006207624
42 20 5 2 0.0004307576
43 20 5 2 0.001399017
44 20 5 2 0.0005133596
45 20 5 2 0.3096654
20 21 5 13 0.01972624
21 21 5 13 0.05773162
22 21 5 13 0.1574519
23 21 5 13 0.05735129
24 21 5 13 0.08601794
38 21 5 2 0.1567311
39 21 5 2 0.8840695
40 21 5 2 0.3656427
41 21 5 2 1.079841e-06
42 21 5 2 0.004313731
43 21 5 2 0.0006417988
44 21 5 2 0.06750785
45 21 5 2 0.8546937
19 22 5 13 0.2830265
20 22 5 13 0.06827315
21 22 5 13 0.4685109
22 22 5 13 0.04281725
23 22 5 13 0.4619594
38 22 5 2 0.3728224
39 22 5 2 0.4991251
40 22 5 2 0.9662952
41 22 5 2 0.0002491586
42 22 5 2 0.7862002
43 22 5 2 0.1661837
44 22 5 2 0.1016656
45 22 5 2 0.2847203
17 23 5 13 0.03864671
18 23 5 13 0.1206924
19 23 5 13 0.716891
20 23 5 13 0.07357698
21 23 5 13 0.01624764
22 23 5 13 0.04686164
23 23 5 13 0.005070809
38 23 5 2 0.09017513
39 23 5 2 0.552096
40 23 5 2 0.069443
41 23 5 2 0.9149627
42 23 5 2 0.3881968
43 23 5 2 0.1134925
44 23 5 2 0.001097035
45 23 5 2 0.02510646
17 24 5 18 0.7194473
18 24 5 18 0.001339651
19 24 5 18 0.007361578
20 24 5 13 0.09974495
21 24 5 13 0.01315862
22 24 5 13 0.1427876
23 24 5 13 0.9175092
39 24 5 2 0.4580525
40 24 5 2 0.05074007
41 24 5 2 0.7050274
42 24 5 2 0.9571338
44 24 5 7 0.1342847
45 24 5 7 0.001777755
46 24 5 7 0.001205602
47 24 5 7 0.5491948
17 25 5 18 0.0004167952
18 25 5 18 1.256293e-06
19 25 5 18 3.22522e-05
20 25 5 18 0.04703069
21 25 5 13 0.05056746
22 25 5 13 0.1062955
23 25 5 13 0.4339506
43 25 5 7 0.01273711
44 25 5 7 0.1077741
45 25 5 7 0.1531234
46 25 5 7 0.007971227
47 25 5 7 0.4511192
17 26 5 18 0.00269769
18 26 5 18 0.0002298714
19 26 5 18 0.2201042
20 26 5 18 0.8992359
43 26 5 7 0.1448345
44 26 5 7 0.7861053
45 26 5 7 0.2679262
46 26 5 7 0.810724
47 26 5 7 0.5409988
48 26 5 7 0.1532556
16 27 5 18 0.8489848
17 27 5 18 0.133871
18 27 5 18 0.004679172
19 27 5 18 0.02900989
20 27 5 18 0.2948405
43 27 5 7 0.4780532
44 27 5 7 0.3757072
45 27 5 7 0.1371438
46 27 5 7 0.3584185
47 27 5 7 0.02239169
48 27 5 7 0.5453817
49 27 5 7 0.01088173
16 28 5 18 0.05545578
17 28 5 18 0.8818244
18 28 5 18 0.5017639
19 28 5 18 0.8516452
20 28 5 18 0.9434684
43 28 5 7 0.2047345
44 28 5 7 0.52797
45 28 5 7 0.07022954
46 28 5 7 0.002690375
47 28 5 7 0.05325382
48 28 5 7 0.7095684
49 28 5 7 0.06721201
16 29 5 18 0.9790708
17 29 5 18 0.04643356
18 29 5 18 0.2619229
19 29 5 18 0.008239487
20 29 5 18 0.1707041
43 29 5 7 0.4997759
44 29 5 7 0.8014161
45 29 5 7 0.0188544
46 29 5 7 0.0009810669
47 29 5 7 0.002097651
48 29 5 7 0.1352157
49 29 5 7 0.002054919
15 30 5 18 0.00279485
16 30 5 18 0.01128883
17 30 5 18 0.6187272
18 30 5 18 0.00726194
19 30 5 18 0.004133499
20 30 5 18 0.002991859
43 30 5 7 0.9751212
44 30 5 7 0.07520746
45 30 5 7 0.07601352
46 30 5 7 0.2091668
47 30 5 7 0.02108208
48 30 5 7 0.0003506341
49 30 5 7 0.9974043
15 31 5 18 0.3539575
16 31 5 18 0.5455088
17 31 5 18 0.2494603
18 31 5 18 0.3434609
19 31 5 18 0.3612355
20 31 5 18 0.2071025
43 31 5 7 0.5169249
44 31 5 7 0.5248372
45 31 5 7 0.02556528
46 31 5 7 0.0001171135
47 31 5 7 1.29361e-05
48 31 5 7 0.0004278388
49 31 5 7 0.01568151
15 32 5 18 0.5984494
16 32 5 18 0.8326796
17 32 5 18 0.05470851
44 32 5 7 0.01882424
45 32 5 7 0.004455317
46 32 5 7 1.074299e-05
47 32 5 7 3.334584e-07
48 32 5 7 1.756701e-07
49 32 5 7 0.01374412
14 33 5 18 0.1256499
15 33 5 18 0.0811389
16 33 5 18 0.7121082
17 33 5 18 0.5129527
45 33 5 7 0.2310842
46 33 5 7 0.2779814
47 33 5 7 0.1738189
48 33 5 7 0.2904484
44 42 5 11 0.2163513
45 42 5 11 0.5970665
46 42 5 11 0.08504814
47 42 5 11 0.5659249
48 42 5 11 0.01392692
49 42 5 11 0.2494178
50 42 5 11 0.9839009
51 42 5 11 0.3842353
44 43 5 11 0.2308807
45 43 5 11 0.8409666
46 43 5 11 0.1282943
47 43 5 11 0.2941449
48 43 5 11 0.2347193
49 43 5 11 0.5206314
50 43 5 11 0.009947653
51 43 5 11 0.0006316195
14 44 5 22 0.04540563
15 44 5 22 0.1005357
16 44 5 22 0.2885577
17 44 5 22 0.04834202
18 44 5 22 0.254575
19 44 5 22 0.3882965
20 44 5 22 0.001199789
21 44 5 22 0.9739487
43 44 5 11 0.1989013
44 44 5 11 0.6948071
45 44 5 11 0.001960311
46 44 5 11 0.9707805
47 44 5 11 0.2774365
48 44 5 11 0.002224794
49 44 5 11 0.917673
50 44 5 11 0.09036812
51 44 5 11 0.0001416157
14 45 5 22 0.05201216
15 45 5 22 0.2152422
16 45 5 22 0.9692905
17 45 5 22 0.5689939
18 45 5 22 0.2151914
19 45 5 22 0.5968526
20 45 5 22 0.2766277
21 45 5 22 0.983114
43 45 5 11 0.02416563
44 45 5 11 0.2554465
45 45 5 11 0.1849103
46 45 5 11 0.1328696
47 45 5 11 0.8229099
48 45 5 11 0.1047243
49 45 5 11 0.1570447
50 45 5 11 0.02837273
51 45 5 11 0.05824337
14 46 5 22 0.03799691
15 46 5 22 0.8837749
16 46 5 22 0.882153
17 46 5 22 0.7330722
18 46 5 22 0.5703542
19 46 5 22 0.7464202
20 46 5 22 0.5649836
21 46 5 22 0.4902077
43 46 5 11 0.7736278
44 46 5 11 0.00437566
45 46 5 11 0.7344043
46 46 5 11 0.09166838
47 46 5 11 0.08085554
48 46 5 11 0.8645322
49 46 5 11 0.8963892
50 46 5 11 0.2464905
51 46 5 11 0.7656451
14 47 5 22 0.4002803
15 47 5 22 0.6769649
16 47 5 22 0.2368235
17 47 5 22 0.1599585
18 47 5 22 0.5746773
19 47 5 22 0.7028554
20 47 5 22 0.3741698
43 47 5 11 0.1467419
44 47 5 11 0.01392922
45 47 5 11 0.4941508
46 47 5 11 0.5282212
47 47 5 11 0.4052461
48 47 5 11 0.2131656
49 47 5 11 0.6092117
50 47 5 11 0.6129666
51 47 5 11 0.2995272
14 48 5 22 0.4541115
15 48 5 22 0.9363464
16 48 5 22 0.1650363
17 48 5 22 0.2685982
18 48 5 22 0.09808528
19 48 5 22 0.09329107
20 48 5 22 0.06141434
43 48 5 11 0.3371265
44 48 5 11 0.193022
45 48 5 11 0.1277244
46 48 5 11 0.9876304
47 48 5 11 0.9669029
48 48 5 11 0.1206907
49 48 5 11 0.457815
50 48 5 11 0.4641943
51 48 5 11 0.6574601
15 49 5 22 0.8774022
16 49 5 22 0.4039713
17 49 5 22 0.2206992
18 49 5 22 0.2665183
19 49 5 17 0.1502367
43 49 5 11 0.1535252
44 49 5 11 0.9544515
45 49 5 11 0.8486372
46 49 5 11 0.08339667
47 49 5 11 0.003157895
48 49 5 11 0.7963466
49 49 5 11 0.5550896
50 49 5 11 0.4801291
51 49 5 11 0.2919468
16 50 5 22 0.4158911
17 50 5 22 0.3101768
18 50 5 17 0.5160956
19 50 5 17 0.5317182
20 50 5 17 0.0701982
21 50 5 17 0.2824336
22 50 5 17 0.3605284
43 50 5 11 0.2178467
44 50 5 11 0.001958519
45 50 5 11 0.1516189
46 50 5 11 0.514754
47 50 5 11 0.4645877
48 50 5 11 0.1140862
49 50 5 11 0.5967144
50 50 5 11 0.7895311
51 50 5 11 0.06147826
16 51 5 22 0.7788081
17 51 5 17 0.2264336
18 51 5 17 0.8676617
19 51 5 17 0.02262164
20 51 5 17 0.1935483
21 51 5 17 0.4944332
22 51 5 17 0.1712113
42 51 5 6 0.4590956
43 51 5 6 0.3802405
44 51 5 6 1.564208e-05
45 51 5 6 1.55015e-05
46 51 5 0 5.188617e-06
46 51 5 11 5.188617e-06
47 51 5 11 0.0001371639
48 51 5 11 0.01872536
49 51 5 11 0.08362971
50 51 5 11 0.5131912
16 52 5 17 0.5295531
17 52 5 17 0.2946722
18 52 5 17 0.02688006
19 52 5 17 0.005558892
20 52 5 17 0.0271134
21 52 5 17 0.5122949
22 52 5 17 0.8436781
23 52 5 17 0.4331605
35 52 5 1 0.05707418
36 52 5 1 0.03491826
37 52 5 1 0.0007055957
42 52 5 6 0.8670526
43 52 5 6 0.1404159
44 52 5 6 0.1917644
45 52 5 6 0.03902589
46 52 5 6 0.0002435789
47 52 5 6 0.0002426167
48 52 5 11 4.987822e-05
49 52 5 11 0.0004341743
16 53 5 17 0.3185108
17 53 5 17 0.3375168
18 53 5 17 0.1665817
19 53 5 17 0.4465082
20 53 5 17 0.0621897
21 53 5 17 0.008841644
22 53 5 17 0.636552
23 53 5 17 0.1266387
26 53 5 1 0.0994966
27 53 5 1 0.626892
28 53 5 1 0.474499
29 53 5 1 0.8652588
32 53 5 1 0.5940974
33 53 5 1 0.1296313
34 53 5 1 0.428861
35 53 5 1 0.0956923
36 53 5 1 0.7576619
37 53 5 1 0.2144187
38 53 5 1 0.3029886
41 53 5 6 0.7826723
42 53 5 6 0.5231058
43 53 5 6 0.3664871
44 53 5 6 0.7051747
45 53 5 6 0.4549053
46 53 5 6 0.4892196
47 53 5 6 0.7067543
48 53 5 6 0.8165155
49 53 5 6 0.9164795
17 54 5 17 0.3090459
18 54 5 17 0.1348914
19 54 5 17 0.07315534
20 54 5 17 0.7705482
21 54 5 17 0.8174012
22 54 5 17 0.4047523
23 54 5 17 0.4548898
26 54 5 1 0.01431789
27 54 5 1 0.2819388
28 54 5 1 0.01773668
29 54 5 1 0.05655485
30 54 5 1 0.3262917
31 54 5 1 0.7091631
32 54 5 1 0.6844308
33 54 5 1 0.02397393
34 54 5 1 5.64729e-05
35 54 5 1 0.001641982
36 54 5 1 0.2970314
37 54 5 1 0.5443977
38 54 5 1 0.001509118
41 54 5 6 0.2607352
42 54 5 6 0.5197333
43 54 5 6 0.2895306
44 54 5 6 0.5042658
45 54 5 6 0.9457293
46 54 5 6 0.9517374
47 54 5 6 0.5448439
48 54 5 6 0.7285612
49 54 5 6 0.1057796
18 55 5 17 0.4860589
19 55 5 17 0.448396
20 55 5 17 0.8580611
21 55 5 17 0.7242597
22 55 5 17 0.9459746
23 55 5 17 0.05160417
24 55 5 17 0.860536
26 55 5 1 0.001274896
27 55 5 1 0.2004928
28 55 5 1 0.01105689
29 55 5 1 4.382683e-05
30 55 5 1 0.05358983
31 55 5 1 0.03208651
32 55 5 1 0.03599989
33 55 5 1 1.545169e-05
34 55 5 1 2.235227e-05
35 55 5 1 0.1968834
36 55 5 1 0.8440185
37 55 5 1 0.3407503
38 55 5 1 0.002195118
41 55 5 6 0.8497857
42 55 5 6 0.4430464
43 55 5 6 0.3259557
44 55 5 6 0.1303404
45 55 5 6 0.4598194
46 55 5 6 0.3369025
47 55 5 6 0.1057818
48 55 5 6 0.3468702
18 56 5 17 0.5171556
19 56 5 17 0.1849048
20 56 5 17 0.4505611
21 56 5 17 0.8164389
22 56 5 17 0.05923243
23 56 5 17 0.9666727
24 56 5 17 0.876768
25 56 5 17 0.8029562
27 56 5 1 0.08010445
28 56 5 1 0.01883707
29 56 5 1 6.148376e-05
30 56 5 1 5.630353e-05
31 56 5 1 0.4320767
32 56 5 1 0.6856761
33 56 5 1 0.01398998
34 56 5 1 8.409313e-06
35 56 5 1 1.044225e-06
36 56 5 1 0.006304458
37 56 5 1 0.08996895
41 56 5 6 0.1233044
42 56 5 6 0.216436
43 56 5 6 0.5446147
44 56 5 6 0.01433226
45 56 5 6 0.8493169
46 56 5 6 0.5895277
47 56 5 6 0.7069193
19 57 5 17 0.5658062
20 57 5 17 0.1445712
21 57 5 17 0.9690143
22 57 5 17 0.5793473
23 57 5 17 0.02795949
24 57 5 17 0.9507402
25 57 5 17 0.6835097
26 57 5 17 0.06482535
28 57 5 1 0.9820664
29 57 5 1 0.0005734983
30 57 5 1 0.001695829
31 57 5 1 0.6445574
32 57 5 1 0.2450257
33 57 5 1 0.06390753
34 57 5 1 0.0004951059
35 57 5 1 0.000896629
36 57 5 1 0.998373
37 57 5 1 0.01120691
41 57 5 6 0.5733729
42 57 5 6 0.1493482
43 57 5 6 0.8113005
44 57 5 6 0.02498354
45 57 5 6 0.009281117
46 57 5 6 0.1530188
47 57 5 6 0.3867469
19 58 5 17 0.5012145
20 58 5 17 0.9689898
21 58 5 17 0.9641394
22 58 5 17 0.689868
23 58 5 17 0.2269357
24 58 5 17 0.6058936
25 58 5 17 0.6353336
26 58 5 17 0.007182073
29 58 5 1 0.01796272
30 58 5 1 0.0006525149
31 58 5 1 0.0503442
32 58 5 1 0.2055782
33 58 5 1 0.3513479
34 58 5 1 0.007358656
35 58 5 1 0.9675713
41 58 5 6 0.001666864
42 58 5 6 0.7178758
43 58 5 6 0.7480108
44 58 5 6 0.9016715
45 58 5 6 0.8029356
46 58 5 6 0.08279419
20 59 5 17 0.5529058
21 59 5 17 0.004185915
22 59 5 17 0.2393421
23 59 5 17 0.1284446
24 59 5 17 0.1925538
25 59 5 17 0.04455755
26 59 5 17 0.006919734
29 59 5 1 0.04800016
30 59 5 1 0.000113821
31 59 5 1 0.0001706063
32 59 5 1 0.02406372
33 59 5 1 0.149658
34 59 5 1 0.2452164
41 59 5 6 0.04015655
42 59 5 6 0.4043541
43 59 5 6 0.9439767
44 59 5 6 0.852883
45 59 5 6 0.872489
21 60 5 17 0.000290204
22 60 5 17 0.6267299
23 60 5 17 0.4213034
24 60 5 17 0.01555076
25 60 5 17 0.4179773
26 60 5 17 0.3117994
28 60 5 1 0.4514967
29 60 5 1 0.6087756
30 60 5 1 0.0001210038
31 60 5 1 0.003488065
32 60 5 1 0.6240219
33 60 5 1 0.0001510801
34 60 5 1 0.9193847
28 61 5 1 0.01564724
29 61 5 1 0.05420914
30 61 5 1 0.5063805
31 61 5 1 0.5771037
32 61 5 1 0.07053874
33 61 5 1 0.1154838
34 61 5 1 0.7893364
28 62 5 1 0.02728235
29 62 5 1 0.206552
30 62 5 1 0.2078486
34 62 5 1 0.8936602
39 14 6 2 0.2339129
24 15 6 13 0.7933094
25 15 6 13 0.0712856
38 15 6 2 0.004924132
39 15 6 2 0.0001634903
40 15 6 2 0.0009487322
23 16 6 13 0.3426813
24 16 6 13 0.4815344
25 16 6 13 0.5562499
26 16 6 13 0.3412112
38 16 6 2 0.7430439
39 16 6 2 0.1165114
40 16 6 2 0.1325839
41 16 6 2 0.566066
42 16 6 2 0.02029705
22 17 6 13 0.6125717
23 17 6 13 0.7169258
24 17 6 13 0.5653549
25 17 6 13 0.9770991
26 17 6 13 0.480602
38 17 6 2 0.4410144
39 17 6 2 0.06183582
40 17 6 2 0.3111178
41 17 6 2 0.05730103
42 17 6 2 0.03942079
43 17 6 2 0.3447572
21 18 6 13 0.9897819
22 18 6 13 0.5916748
23 18 6 13 0.9300063
24 18 6 13 0.544718
25 18 6 13 0.9975112
26 18 6 13 0.04166301
38 18 6 2 0.8201948
39 18 6 2 0.3395189
40 18 6 2 0.9781124
41 18 6 2 0.009251167
42 18 6 2 0.08232204
43 18 6 2 0.7912978
44 18 6 2 0.1439406
21 19 6 13 0.8303276
22 19 6 13 0.346866
23 19 6 13 0.2015781
24 19 6 13 0.6592368
25 19 6 13 0.04330677
26 19 6 13 0.02788194
39 19 6 2 0.7998919
40 19 6 2 0.7458642
41 19 6 2 0.04439181
42 19 6 2 0.4363566
43 19 6 2 0.1447655
44 19 6 2 0.06705088
20 20 6 13 0.9201943
21 20 6 13 0.1574851
22 20 6 13 0.6259562
23 20 6 13 0.9383135
24 20 6 13 0.1312022
25 20 6 13 0.2368074
39 20 6 2 0.2276926
40 20 6 2 0.003724355
41 20 6 2 0.002470547
42 20 6 2 0.4901781
43 20 6 2 0.2674533
44 20 6 2 0.00315846
19 21 6 13 0.1006057
20 21 6 13 0.004381321
21 21 6 13 0.5691783
22 21 6 13 0.351488
23 21 6 13 0.1346592
24 21 6 13 0.1951637
39 21 6 2 0.3912071
40 21 6 2 0.009473393
41 21 6 2 0.7764762
42 21 6 2 0.01324764
43 21 6 2 0.9102516
44 21 6 2 0.3372621
45 21 6 2 0.8336433
18 22 6 13 0.4742659
19 22 6 13 0.848921
20 22 6 13 0.5666829
21 22 6 13 0.00113907
22 22 6 13 0.03718211
23 22 6 13 0.5064238
39 22 6 2 0.4946361
40 22 6 2 0.9447017
41 22 6 2 0.3198867
42 22 6 2 0.003717091
43 22 6 2 0.02000852
44 22 6 2 0.6240247
45 22 6 2 0.7900376
46 22 6 2 0.0004727537
18 23 6 13 0.917801
19 23 6 13 0.6279611
20 23 6 13 0.02656324
21 23 6 13 0.634842
22 23 6 13 0.4604472
23 23 6 13 0.8777418
39 23 6 2 0.9360773
40 23 6 2 0.1204032
41 23 6 2 0.5208183
42 23 6 2 0.4151184
43 23 6 2 0.3137068
44 23 6 2 0.1443079
45 23 6 2 0.6936496
46 23 6 2 0.5200313
47 23 6 2 0.9223019
17 24 6 18 0.9234935
18 24 6 18 0.1530385
19 24 6 18 0.06061289
20 24 6 18 0.02436349
21 24 6 18 0.1349574
22 24 6 18 0.1970662
23 24 6 18 0.0453294
39 24 6 2 0.7343308
40 24 6 2 0.4117356
41 24 6 2 0.492876
42 24 6 2 0.2142753
43 24 6 2 0.1593884
44 24 6 2 0.03716909
45 24 6 2 0.4122855
46 24 6 2 0.7965058
47 24 6 2 0.6249689
17 25 6 18 0.3302081
18 25 6 18 0.4384847
19 25 6 18 0.5926231
20 25 6 18 0.4459481
21 25 6 18 0.3581834
22 25 6 18 0.2686847
23 25 6 18 0.1464988
45 25 6 7 0.4331269
46 25 6 7 0.963858
47 25 6 7 0.003428847
17 26 6 18 0.5690828
18 26 6 18 0.7770653
19 26 6 18 0.2436957
20 26 6 18 0.122089
21 26 6 18 0.1045703
22 26 6 18 0.9233654
23 26 6 18 0.3145694
44 26 6 7 0.4882351
45 26 6 7 0.7878003
46 26 6 7 8.600386e-05
47 26 6 7 0.2612197
48 26 6 7 0.4680047
17 27 6 18 0.8549403
18 27 6 18 0.5220963
19 27 6 18 0.2435444
20 27 6 18 0.3560113
21 27 6 18 0.5107684
22 27 6 18 0.5430767
43 27 6 7 0.6686713
44 27 6 7 0.4618086
45 27 6 7 0.9576714
46 27 6 7 0.2674637
47 27 6 7 0.03729334
48 27 6 7 0.5895421
17 28 6 18 0.3655456
18 28 6 18 0.4535919
19 28 6 18 0.8571806
20 28 6 18 0.6269961
21 28 6 18 0.5824118
42 28 6 7 0.03980684
43 28 6 7 0.6125667
44 28 6 7 0.0913635
45 28 6 7 0.2015478
46 28 6 7 0.05511431
47 28 6 7 0.2838139
48 28 6 7 0.00274533
17 29 6 18 0.9580947
18 29 6 18 0.04236331
19 29 6 18 0.0001178773
20 29 6 18 0.2435969
21 29 6 18 0.8984802
42 29 6 7 0.001070137
43 29 6 7 0.7922621
44 29 6 7 0.320967
45 29 6 7 0.4412909
46 29 6 7 0.8321522
47 29 6 7 0.6535014
48 29 6 7 0.05589692
49 29 6 7 0.1881875
16 30 6 18 0.5322423
17 30 6 18 0.4340075
18 30 6 18 0.006920897
19 30 6 18 0.0003047403
20 30 6 18 0.0730207
21 30 6 18 0.1245637
42 30 6 7 1.00713e-06
43 30 6 7 0.01876763
44 30 6 7 0.3936284
45 30 6 7 0.1028389
46 30 6 7 0.1744142
47 30 6 7 0.2069145
48 30 6 7 0.007783701
49 30 6 7 0.01677874
15 31 6 18 0.05701554
16 31 6 18 0.1244227
17 31 6 18 0.03177287
18 31 6 18 0.5886044
19 31 6 18 0.3886124
43 31 6 7 0.3227588
44 31 6 7 0.05511484
45 31 6 7 0.3801149
46 31 6 7 0.072997
47 31 6 7 0.2750676
48 31 6 7 0.3849827
49 31 6 7 0.1167778
15 32 6 18 0.9660791
16 32 6 18 0.3523968
17 32 6 18 0.8144581
18 32 6 18 0.2198274
19 32 6 18 0.0533763
43 32 6 7 0.00041724
44 32 6 7 0.308533
45 32 6 7 0.05176168
46 32 6 7 0.02923983
47 32 6 7 0.02981348
48 32 6 7 0.00293295
49 32 6 7 0.1176611
15 33 6 18 0.4950215
16 33 6 18 0.5770318
17 33 6 18 0.3854276
18 33 6 18 0.1956314
49 33 6 7 0.0002858302
16 34 6 18 0.5142663
17 34 6 18 0.591495
50 39 6 11 0.267603
14 40 6 22 0.07863415
49 40 6 11 0.6943259
50 40 6 11 0.8262315
14 41 6 22 0.2801871
15 41 6 22 0.642248
16 41 6 22 0.6288825
17 41 6 22 0.132894
18 41 6 22 0.7598649
19 41 6 22 0.3605402
20 41 6 22 0.3985328
48 41 6 11 0.1384935
49 41 6 11 0.007033297
50 41 6 11 0.0130456
14 42 6 22 0.4537745
15 42 6 22 0.4784604
16 42 6 22 0.3458269
17 42 6 22 0.6397755
18 42 6 22 0.509023
19 42 6 22 0.4306939
20 42 6 22 0.1717197
47 42 6 11 0.3811399
48 42 6 11 0.1352749
49 42 6 11 0.1775171
50 42 6 11 0.4618576
14 43 6 22 0.05048713
15 43 6 22 0.4037487
16 43 6 22 0.005227172
17 43 6 22 0.03564211
18 43 6 22 0.06945099
19 43 6 22 0.2242972
20 43 6 22 0.01545153
45 43 6 11 0.2020894
46 43 6 11 0.08523877
47 43 6 11 0.6657546
48 43 6 11 0.5418078
49 43 6 11 0.4820834
50 43 6 11 0.3905053
14 44 6 22 0.04727048
15 44 6 22 0.02945474
16 44 6 22 0.0009780394
17 44 6 22 0.1452194
18 44 6 22 0.7619217
19 44 6 22 0.9764112
20 44 6 22 0.3540971
44 44 6 11 0.08934477
45 44 6 11 0.01400699
46 44 6 11 0.05691705
47 44 6 11 0.7238297
48 44 6 11 0.946491
49 44 6 11 0.006992391
50 44 6 11 0.02091992
14 45 6 22 0.2433918
15 45 6 22 0.5380736
16 45 6 22 0.7391704
17 45 6 22 0.8225141
18 45 6 22 0.5122892
19 45 6 22 0.9325689
20 45 6 22 0.8300303
44 45 6 11 0.1068229
45 45 6 11 0.5670801
46 45 6 11 0.4012192
47 45 6 11 0.240433
48 45 6 11 0.3209635
49 45 6 11 0.3065276
50 45 6 11 0.7539683
14 46 6 22 0.900085
15 46 6 22 0.05129862
16 46 6 22 0.3196519
17 46 6 22 0.03726804
18 46 6 22 0.7188712
19 46 6 22 0.5292132
20 46 6 22 0.2329109
21 46 6 22 0.5502802
43 46 6 11 0.8168515
44 46 6 11 0.4065159
45 46 6 11 0.86211
46 46 6 11 0.7771829
47 46 6 11 0.5483203
48 46 6 11 0.7760464
49 46 6 11 0.7063135
50 46 6 11 0.9834132
14 47 6 22 0.9042108
15 47 6 22 0.01153936
16 47 6 22 0.5455516
17 47 6 22 0.3249258
18 47 6 22 0.1021153
19 47 6 22 0.9531374
20 47 6 22 0.09541451
21 47 6 22 0.7101793
44 47 6 11 0.3413701
45 47 6 11 0.2937652
46 47 6 11 0.1603653
47 47 6 11 0.4563087
48 47 6 11 0.3100178
49 47 6 11 0.8136738
50 47 6 11 0.08295006
14 48 6 22 0.3122703
15 48 6 22 0.7113801
16 48 6 22 0.6791063
17 48 6 22 0.7286593
18 48 6 22 0.07965924
19 48 6 22 0.06589505
44 48 6 11 0.7468803
45 48 6 11 0.006601359
46 48 6 11 0.2878038
47 48 6 11 0.3323871
48 48 6 11 0.07103989
49 48 6 11 0.2573527
50 48 6 11 0.4754108
15 49 6 17 0.7062048
16 49 6 17 0.112477
17 49 6 17 0.154968
18 49 6 17 0.05938123
19 49 6 17 0.7441653
20 49 6 17 0.9358137
44 49 6 11 0.5636669
45 49 6 11 0.003189826
46 49 6 11 0.8992113
47 49 6 11 0.7361942
48 49 6 11 0.1819626
49 49 6 11 0.08548104
50 49 6 11 0.002331668
16 50 6 17 0.002817417
17 50 6 17 0.2906723
18 50 6 17 0.6686467
19 50 6 17 0.5781091
20 50 6 17 0.3963869
44 50 6 11 0.05331756
45 50 6 11 0.003077654
46 50 6 11 0.818062
47 50 6 11 0.5158286
48 50 6 11 0.2722356
49 50 6 11 0.04298948
17 51 6 17 0.9719411
18 51 6 17 0.7039938
19 51 6 17 0.1661241
20 51 6 17 0.2072734
43 51 6 6 0.7449245
44 51 6 6 0.717517
45 51 6 6 0.7699495
46 51 6 6 0.9484959
47 51 6 11 0.9488685
48 51 6 11 0.9096186
49 51 6 11 0.3253003
18 52 6 17 0.1295758
19 52 6 17 0.9086798
20 52 6 17 0.7279894
42 52 6 6 0.06835366
43 52 6 6 0.6895736
44 52 6 6 0.6821144
45 52 6 6 0.4954059
46 52 6 6 0.8012969
47 52 6 6 0.6673424
48 52 6 6 0.8676285
49 52 6 6 0.04761911
18 53 6 17 0.8744254
19 53 6 17 0.9536757
20 53 6 17 0.4924154
21 53 6 17 0.3694925
22 53 6 17 0.7669769
33 53 6 1 0.6012387
34 53 6 1 0.000342158
35 53 6 1 8.936444e-05
41 53 6 6 0.9754965
42 53 6 6 0.5661074
43 53 6 6 0.6245171
44 53 6 6 0.8745974
45 53 6 6 0.09147913
46 53 6 6 0.1794888
47 53 6 6 0.03455519
48 53 6 6 0.6849424
49 53 6 6 0.2812347
18 54 6 17 0.535368
19 54 6 17 0.9086584
20 54 6 17 0.3841105
21 54 6 17 0.3075409
22 54 6 17 0.2041825
23 54 6 17 0.8289526
28 54 6 1 0.1822062
29 54 6 1 0.0009642824
30 54 6 1 0.0005130451
31 54 6 1 0.08276588
32 54 6 1 0.9901336
33 54 6 1 0.02589278
34 54 6 1 3.79876e-06
35 54 6 1 0.0003403057
41 54 6 6 0.578185
42 54 6 6 0.1911455
43 54 6 6 0.3451274
44 54 6 6 0.2653398
45 54 6 6 0.5890961
46 54 6 6 0.6451119
47 54 6 6 0.1584193
18 55 6 17 0.8526204
19 55 6 17 0.9731311
20 55 6 17 0.9546162
21 55 6 17 0.01889241
22 55 6 17 0.8189462
23 55 6 17 0.7646453
28 55 6 1 0.07425918
29 55 6 1 0.1048566
30 55 6 1 0.007869317
31 55 6 1 0.006186594
32 55 6 1 0.1870115
33 55 6 1 0.2136162
34 55 6 1 0.6808867
35 55 6 1 0.1705002
40 55 6 6 0.3042926
41 55 6 6 0.1508432
42 55 6 6 0.9536692
43 55 6 6 0.6371919
44 55 6 6 0.4533887
45 55 6 6 0.4440485
46 55 6 6 0.8716388
47 55 6 6 0.09471695
19 56 6 17 0.05560236
20 56 6 17 0.901305
21 56 6 17 0.1144266
22 56 6 17 0.07442505
23 56 6 17 0.8339856
24 56 6 17 0.6007226
28 56 6 1 0.001217741
29 56 6 1 0.0013601
30 56 6 1 0.4658199
31 56 6 1 0.6530656
32 56 6 1 0.2055556
33 56 6 1 0.9837619
34 56 6 1 1.68396e-06
35 56 6 1 0.08856467
36 56 6 1 0.2696197
40 56 6 6 0.3274024
41 56 6 6 0.8978971
42 56 6 6 0.8514685
43 56 6 6 0.4408326
44 56 6 6 0.7800761
45 56 6 6 0.3568834
46 56 6 6 0.4871572
47 56 6 6 0.5061062
20 57 6 17 0.1134465
21 57 6 17 0.8602785
22 57 6 17 0.1090164
23 57 6 17 0.1047398
24 57 6 17 0.9175386
25 57 6 17 0.7439137
28 57 6 1 0.006759964
29 57 6 1 2.090988e-06
30 57 6 1 0.005475374
31 57 6 1 0.921716
32 57 6 1 0.04467114
33 57 6 1 0.0264215
34 57 6 1 9.438243e-09
35 57 6 1 0.0004183871
36 57 6 1 0.1397858
40 57 6 6 0.4882532
41 57 6 6 0.09055479
42 57 6 6 0.2052866
43 57 6 6 0.738229
44 57 6 6 0.1239357
45 57 6 6 0.2607603
46 57 6 6 0.3713922
47 57 6 6 0.1063082
20 58 6 17 0.17622
21 58 6 17 0.9593973
22 58 6 17 0.6655816
23 58 6 17 0.2706452
24 58 6 17 0.3931227
25 58 6 17 0.02119588
28 58 6 1 0.306609
29 58 6 1 0.0004250618
30 58 6 1 0.0001385002
31 58 6 1 0.00204596
32 58 6 1 0.7586472
33 58 6 1 0.2512479
34 58 6 1 0.001540942
35 58 6 1 6.623069e-05
36 58 6 1 0.0005973753
40 58 6 6 0.2358167
41 58 6 6 0.3750573
42 58 6 6 0.1583102
43 58 6 6 0.3378903
44 58 6 6 0.726345
45 58 6 6 0.03508733
46 58 6 6 0.07449895
20 59 6 17 0.08665463
21 59 6 17 0.9240769
22 59 6 17 0.4569154
23 59 6 17 0.03491507
24 59 6 17 0.420295
25 59 6 17 0.07383122
26 59 6 17 0.7728715
28 59 6 1 0.5444109
29 59 6 1 0.01071215
30 59 6 1 0.002238228
31 59 6 1 0.797979
32 59 6 1 0.7506119
33 59 6 1 0.176648
34 59 6 1 0.5102387
35 59 6 1 4.771644e-07
36 59 6 1 3.959336e-09
40 59 6 6 0.5447532
41 59 6 6 0.08203953
42 59 6 6 0.3606347
43 59 6 6 0.9618854
44 59 6 6 0.245973
45 59 6 6 0.1881239
21 60 6 17 0.1878922
22 60 6 17 0.01526872
23 60 6 17 0.5666438
24 60 6 17 0.7148031
25 60 6 17 0.6699035
26 60 6 17 0.298728
28 60 6 1 0.703118
29 60 6 1 0.9655158
30 60 6 1 0.08555964
31 60 6 1 0.005157837
32 60 6 1 0.01091962
33 60 6 1 0.20795
34 60 6 1 0.9122068
35 60 6 1 0.007436139
43 60 6 6 0.2257896
44 60 6 6 0.8387174
29 61 6 1 0.4545314
30 61 6 1 0.2023994
33 61 6 1 0.9534048
34 61 6 1 0.2779313
35 61 6 1 0.4178457
29 62 6 1 0.01338731
33 62 6 1 4.792112e-05
34 62 6 1 0.7718574
26 13 7 13 0.01435672
25 14 7 13 0.757742
26 14 7 13 0.1158463
38 14 7 2 0.01985738
39 14 7 2 0.01159157
40 14 7 2 0.0006302989
24 15 7 13 0.03379931
25 15 7 13 0.7785661
26 15 7 13 0.6160544
38 15 7 2 0.002624299
39 15 7 2 7.736443e-05
40 15 7 2 0.006628613
41 15 7 2 0.5633957
22 16 7 13 0.3453471
23 16 7 13 0.8331399
24 16 7 13 0.2372845
25 16 7 13 0.5537883
26 16 7 13 0.1634787
37 16 7 2 0.4085355
38 16 7 2 0.5701873
39 16 7 2 0.001864893
40 16 7 2 0.002067365
41 16 7 2 0.5185744
42 16 7 2 0.8315992
22 17 7 13 0.1336506
23 17 7 13 0.6378078
24 17 7 13 0.7637636
25 17 7 13 0.1331527
26 17 7 13 0.07396727
37 17 7 2 0.04545975
38 17 7 2 0.1947748
39 17 7 2 0.01342921
40 17 7 2 0.126782
41 17 7 2 0.2498881
42 17 7 2 0.8782991
21 18 7 13 0.01189108
22 18 7 13 0.6196932
23 18 7 13 0.6676364
24 18 7 13 0.1449043
25 18 7 13 0.03354782
38 18 7 2 0.7869331
39 18 7 2 0.004754651
40 18 7 2 0.912993
41 18 7 2 0.4315071
42 18 7 2 0.09255502
43 18 7 2 0.6114263
20 19 7 13 0.03066572
21 19 7 13 0.9558525
22 19 7 13 0.9471247
23 19 7 13 0.4657045
24 19 7 13 0.5428638
39 19 7 2 0.3066169
40 19 7 2 0.8463471
41 19 7 2 0.8185368
42 19 7 2 0.3422932
43 19 7 2 0.9927077
44 19 7 2 0.9846611
20 20 7 13 0.5668602
21 20 7 13 0.169493
22 20 7 13 0.4355249
23 20 7 13 0.9677008
39 20 7 2 0.3521898
40 20 7 2 0.07978778
41 20 7 2 0.7263108
42 20 7 2 0.2835429
43 20 7 2 0.4115594
44 20 7 2 0.6554364
45 20 7 2 0.8452
19 21 7 13 0.4758092
20 21 7 13 0.02162639
21 21 7 13 0.3347373
22 21 7 13 0.4257007
23 21 7 13 0.5918178
39 21 7 2 0.8388186
40 21 7 2 0.2346994
41 21 7 2 0.1567817
42 21 7 2 0.01065473
43 21 7 2 0.7584156
44 21 7 2 0.6425509
45 21 7 2 0.8838343
18 22 7 23 0.443763
19 22 7 23 0.440037
20 22 7 23 0.01106983
21 22 7 23 0.36535
22 22 7 23 0.4929135
23 22 7 23 0.6243379
24 22 7 23 0.3205504
39 22 7 2 0.1030477
40 22 7 2 0.5221303
41 22 7 2 0.2345878
42 22 7 2 0.1334614
43 22 7 2 0.1724394
44 22 7 2 0.5382031
45 22 7 2 0.009026208
46 22 7 2 0.0006549879
18 23 7 23 0.05255202
19 23 7 23 0.2990762
20 23 7 23 0.1535358
21 23 7 23 0.2249092
22 23 7 23 0.987131
23 23 7 23 0.6723548
24 23 7 23 0.01875688
40 23 7 2 0.05377823
41 23 7 2 0.8224036
42 23 7 2 0.4634802
43 23 7 2 0.3193832
44 23 7 12 0.4954184
45 23 7 12 0.1935753
46 23 7 12 0.4502626
47 23 7 12 0.2607921
17 24 7 18 0.5038045
18 24 7 23 0.4492753
19 24 7 23 0.7231086
20 24 7 23 0.639285
21 24 7 23 0.001686004
22 24 7 23 0.311293
23 24 7 23 0.8981321
24 24 7 23 0.645594
41 24 7 12 0.8187779
42 24 7 12 0.2942716
43 24 7 12 0.2401552
44 24 7 12 0.2444176
45 24 7 12 0.8037976
46 24 7 12 0.5115475
47 24 7 12 0.3764181
48 24 7 12 0.04218999
17 25 7 18 0.8781403
18 25 7 23 0.8597444
19 25 7 23 0.1265891
20 25 7 23 0.05042063
21 25 7 23 1.156454e-05
22 25 7 23 0.0006189899
23 25 7 23 9.404025e-06
41 25 7 12 0.3761821
42 25 7 12 0.3879424
43 25 7 12 0.6014373
44 25 7 12 0.3523964
45 25 7 12 0.09709597
46 25 7 12 0.6816471
47 25 7 12 0.004103189
48 25 7 12 0.1670729
17 26 7 18 0.2706125
18 26 7 23 0.5875784
19 26 7 18 0.7140684
20 26 7 18 0.0004728816
21 26 7 18 0.0001604374
22 26 7 18 0.00371878
41 26 7 12 0.5954855
42 26 7 12 0.6737791
43 26 7 12 0.1932417
44 26 7 12 0.3799124
45 26 7 12 0.7124346
46 26 7 12 0.6588264
47 26 7 12 0.5678058
48 26 7 12 0.6532281
17 27 7 18 0.04013284
18 27 7 18 0.6528569
19 27 7 18 0.860639
20 27 7 18 0.3888235
21 27 7 18 0.0689791
41 27 7 12 0.00916309
42 27 7 12 0.0001517876
43 27 7 12 0.02351051
44 27 7 12 0.7595132
45 27 7 12 0.1852649
46 27 7 12 0.9616943
47 27 7 12 0.5940125
48 27 7 12 0.08293531
17 28 7 18 0.1320782
18 28 7 18 0.654298
19 28 7 18 0.2187624
20 28 7 18 0.8067355
41 28 7 12 0.2749087
42 28 7 12 0.002230089
43 28 7 12 0.02119266
44 28 7 12 0.535023
45 28 7 12 0.849807
46 28 7 12 0.4200243
47 28 7 12 0.8610193
48 28 7 12 0.9522376
49 28 7 12 0.9702273
17 29 7 18 0.009684399
18 29 7 18 0.1513931
19 29 7 18 0.5168313
20 29 7 18 0.1949839
41 29 7 12 0.4328109
42 29 7 12 0.0595388
43 29 7 12 0.6057595
44 29 7 12 0.8506375
45 29 7 12 0.01121604
46 29 7 12 0.6619257
47 29 7 12 0.1173801
48 29 7 12 0.2220996
49 29 7 12 0.05927577
16 30 7 18 0.5664769
17 30 7 18 0.02364636
18 30 7 18 0.5754252
19 30 7 18 0.03446475
43 30 7 7 0.04982832
44 30 7 7 0.2852345
45 30 7 7 0.1148957
46 30 7 7 0.8944095
47 30 7 7 0.2187366
48 30 7 12 0.5381992
49 30 7 12 0.7921774
15 31 7 18 0.03403898
16 31 7 18 0.4271335
17 31 7 18 0.07936875
18 31 7 18 0.439098
43 31 7 7 0.0008357133
44 31 7 7 0.08689195
45 31 7 7 0.3642234
46 31 7 7 0.6190325
47 31 7 7 0.4527366
48 31 7 7 0.9980192
49 31 7 12 0.4551064
15 32 7 18 0.1907907
16 32 7 18 0.001482492
17 32 7 18 0.8875715
18 32 7 18 0.7240965
43 32 7 7 0.008313385
44 32 7 7 0.0374325
45 32 7 7 0.9943404
46 32 7 7 0.001964037
47 32 7 7 0.1820334
48 32 7 7 0.5834491
49 32 7 7 0.7941232
14 33 7 18 0.6869365
15 33 7 18 0.6873909
16 33 7 18 0.3517279
17 33 7 18 0.2862007
45 33 7 7 0.4195252
46 33 7 7 0.1830448
47 33 7 7 0.006858193
48 33 7 7 6.634492e-05
49 33 7 7 0.005539497
50 33 7 7 0.1008238
49 36 7 11 0.6735546
50 36 7 11 0.0140735
48 37 7 11 8.624836e-05
51 37 7 11 0.1046114
16 38 7 22 0.4050094
17 38 7 22 0.2454023
18 38 7 22 0.3091266
19 38 7 22 0.04780188
46 38 7 11 0.3591493
47 38 7 11 0.3620053
14 39 7 22 0.3541185
15 39 7 22 0.2277774
16 39 7 22 0.5444619
17 39 7 22 0.807349
18 39 7 22 0.4696205
19 39 7 22 0.6350593
46 39 7 11 0.08332882
51 39 7 11 0.7557323
14 40 7 22 0.02760539
15 40 7 22 0.0481933
16 40 7 22 0.980102
17 40 7 22 0.7493197
18 40 7 22 0.3764551
19 40 7 22 0.3725434
20 40 7 22 0.260049
45 40 7 11 0.0114735
51 40 7 11 0.8148284
14 41 7 22 0.9852502
15 41 7 22 0.3467881
16 41 7 22 0.1231548
17 41 7 22 0.7632572
18 41 7 22 0.9644797
19 41 7 22 0.121138
20 41 7 22 0.9499085
21 41 7 22 0.1296788
22 41 7 22 0.08379327
43 41 7 11 0.9763214
44 41 7 11 0.3466374
51 41 7 11 0.1864909
14 42 7 22 0.4276086
15 42 7 22 0.3783473
16 42 7 22 0.3878522
17 42 7 22 0.1653017
18 42 7 22 0.4808329
19 42 7 22 0.8491666
20 42 7 22 0.3814097
21 42 7 22 0.6211589
22 42 7 22 0.45384
43 42 7 11 0.1823586
50 42 7 11 0.3713543
51 42 7 11 0.5236472
14 43 7 22 0.1255643
15 43 7 22 0.488023
16 43 7 22 0.07428644
17 43 7 22 0.062192
18 43 7 22 0.9958727
19 43 7 22 0.9221767
20 43 7 22 0.3239409
21 43 7 22 0.9442794
22 43 7 22 0.487724
43 43 7 11 0.4040076
50 43 7 11 0.7950296
14 44 7 22 0.8322353
15 44 7 22 0.2459695
16 44 7 22 0.6528895
17 44 7 22 0.6150084
18 44 7 22 0.1011153
19 44 7 22 0.1421123
20 44 7 22 0.7679093
21 44 7 22 0.9198231
43 44 7 11 0.922847
50 44 7 11 0.9743521
14 45 7 22 0.6201596
15 45 7 22 0.3621434
16 45 7 22 0.8932716
17 45 7 22 0.9293241
18 45 7 22 0.08737624
19 45 7 22 0.839065
20 45 7 22 0.9681968
21 45 7 22 0.9822937
44 45 7 11 0.1610246
50 45 7 11 0.3189916
15 46 7 22 0.01315803
16 46 7 22 0.2416275
17 46 7 22 0.7947303
18 46 7 22 0.05213111
19 46 7 22 0.1339166
20 46 7 22 0.2702463
21 46 7 22 0.8184574
44 46 7 11 0.5847045
50 46 7 11 0.3033617
15 47 7 22 0.6641281
16 47 7 22 0.1127082
17 47 7 22 0.1759313
18 47 7 22 0.9200199
19 47 7 22 0.8881389
20 47 7 22 0.8485359
21 47 7 22 0.7676403
44 47 7 11 0.7103968
49 47 7 11 0.2637689
50 47 7 11 0.5044283
15 48 7 22 0.08977206
16 48 7 22 0.2805092
17 48 7 22 0.04063355
18 48 7 22 0.2980031
19 48 7 22 0.194978
20 48 7 22 0.2051313
21 48 7 22 0.2201494
44 48 7 11 0.398312
46 48 7 11 0.5963621
47 48 7 11 0.8943185
48 48 7 11 0.0242325
49 48 7 6 0.9683889
50 48 7 6 0.02633511
15 49 7 22 0.2591181
16 49 7 22 0.8091965
17 49 7 0 0.458726
17 49 7 22 0.458726
18 49 7 17 0.5311443
19 49 7 17 0.3815197
20 49 7 17 0.7703346
43 49 7 6 0.01479386
44 49 7 6 0.1492108
45 49 7 11 0.09240577
46 49 7 6 0.1948086
47 49 7 6 0.6459135
48 49 7 6 0.0001291208
49 49 7 6 0.1473936
50 49 7 6 0.7040476
15 50 7 17 0.4059774
16 50 7 17 0.9424453
17 50 7 17 0.3600882
18 50 7 17 0.4676987
19 50 7 17 0.2933632
20 50 7 17 0.07966048
21 50 7 17 0.6054424
43 50 7 6 0.3426297
44 50 7 6 0.8445593
45 50 7 6 0.9329348
46 50 7 6 0.4531546
47 50 7 6 0.4095261
48 50 7 6 0.5121912
49 50 7 6 0.0004040744
50 50 7 6 0.1185187
15 51 7 17 0.2096129
16 51 7 17 0.3273811
17 51 7 17 0.6679901
18 51 7 17 0.4179387
19 51 7 17 0.8775673
20 51 7 17 0.2724086
21 51 7 17 0.7142648
43 51 7 6 0.04585399
44 51 7 6 0.7152367
45 51 7 6 0.2273891
46 51 7 6 0.6061317
47 51 7 6 0.2302417
48 51 7 6 0.08448628
49 51 7 6 0.7484353
50 51 7 6 0.07527588
15 52 7 17 0.149881
16 52 7 17 0.01413677
17 52 7 17 0.4264842
18 52 7 17 0.2003141
19 52 7 17 0.2728388
20 52 7 17 0.7263817
21 52 7 17 0.6768077
22 52 7 17 0.5462609
42 52 7 6 0.0003370677
43 52 7 6 0.9456381
44 52 7 6 0.2961967
45 52 7 6 0.09434498
46 52 7 6 0.09991547
47 52 7 6 0.06724804
48 52 7 6 0.2635329
49 52 7 6 0.2158628
50 52 7 6 0.6065345
17 53 7 17 0.6610584
18 53 7 17 0.5670329
19 53 7 17 0.4128112
20 53 7 17 0.5621005
21 53 7 17 0.510482
22 53 7 17 0.4440146
27 53 7 1 8.868007e-06
28 53 7 1 2.151218e-07
29 53 7 1 0.007223108
30 53 7 1 0.01500898
31 53 7 1 0.7955839
32 53 7 1 0.01759829
33 53 7 1 0.004871473
34 53 7 1 0.03413725
35 53 7 1 5.674243e-06
36 53 7 1 1.242619e-05
37 53 7 1 0.01341672
42 53 7 6 0.2035472
43 53 7 6 0.3016663
44 53 7 6 0.05143514
45 53 7 6 0.1002429
46 53 7 6 0.8032422
47 53 7 6 0.09115333
48 53 7 6 0.06188226
49 53 7 6 0.537712
17 54 7 17 0.0266693
18 54 7 17 0.1288223
19 54 7 17 0.27189
20 54 7 17 0.7226876
21 54 7 17 0.4740177
22 54 7 17 0.03255291
23 54 7 17 0.7215098
27 54 7 1 0.4117386
28 54 7 1 0.514757
29 54 7 1 0.8337002
30 54 7 1 0.143664
31 54 7 1 0.8990506
32 54 7 1 0.01342563
33 54 7 1 0.006591978
34 54 7 1 0.1942895
35 54 7 1 1.931155e-05
36 54 7 1 0.002964084
37 54 7 1 0.1153192
42 54 7 6 0.3397167
43 54 7 6 0.09446064
44 54 7 6 0.17999
45 54 7 6 0.7792693
46 54 7 6 0.01101015
47 54 7 6 0.1132665
48 54 7 6 0.1922905
18 55 7 17 0.7925907
19 55 7 17 0.5851445
20 55 7 17 0.933612
21 55 7 17 0.7513226
22 55 7 17 0.2048971
23 55 7 17 0.39148
27 55 7 1 0.6552588
28 55 7 1 0.588943
29 55 7 1 0.48659
30 55 7 1 0.9140668
31 55 7 1 0.08482144
32 55 7 1 0.3173428
33 55 7 1 0.1059987
34 55 7 1 0.8823553
35 55 7 1 0.7845624
36 55 7 1 0.2568395
37 55 7 1 0.9174693
42 55 7 6 0.9238922
43 55 7 6 0.1675118
44 55 7 6 0.3899702
45 55 7 6 0.9315273
46 55 7 6 0.2871114
47 55 7 6 0.1778799
48 55 7 6 0.06829377
18 56 7 17 0.7340414
19 56 7 17 0.3278554
20 56 7 17 0.3181049
21 56 7 17 0.3490018
22 56 7 17 0.1458723
23 56 7 17 0.2069076
28 56 7 1 0.2763875
29 56 7 1 0.5506744
30 56 7 1 0.1895814
31 56 7 1 0.3105151
32 56 7 1 0.6780656
33 56 7 1 0.7679106
34 56 7 1 0.8768318
35 56 7 1 0.2933403
36 56 7 1 0.03131464
41 56 7 6 0.3607298
42 56 7 6 0.4867156
43 56 7 6 0.2774652
44 56 7 6 0.1353932
45 56 7 6 0.2912538
46 56 7 6 0.4170085
47 56 7 6 0.3337963
19 57 7 17 0.1401129
20 57 7 17 0.8230007
21 57 7 17 0.9044659
22 57 7 17 0.6549121
23 57 7 17 0.4911767
24 57 7 17 0.9972157
28 57 7 1 0.9914738
29 57 7 1 0.6228039
30 57 7 1 0.2871604
31 57 7 1 0.5453648
32 57 7 1 0.2990393
33 57 7 1 0.2853609
34 57 7 1 0.5000859
35 57 7 1 0.9570706
36 57 7 1 0.0008436049
41 57 7 6 0.4670567
42 57 7 6 0.6612208
43 57 7 6 0.04279795
44 57 7 6 0.6572301
45 57 7 6 0.05638441
46 57 7 6 0.642054
47 57 7 6 0.9613583
19 58 7 17 0.2458772
20 58 7 17 0.1919081
21 58 7 17 0.1116159
22 58 7 17 0.5754601
23 58 7 17 0.8980914
24 58 7 17 0.1449356
29 58 7 1 0.2935929
30 58 7 1 0.09634268
31 58 7 1 0.1978414
32 58 7 1 0.7070237
33 58 7 1 0.256541
34 58 7 1 0.03766416
35 58 7 1 3.785202e-05
36 58 7 1 0.02461775
41 58 7 6 0.1020897
42 58 7 6 0.2803421
43 58 7 6 0.9057862
44 58 7 6 0.9083104
45 58 7 6 0.6905303
46 58 7 6 0.1941778
20 59 7 17 0.006434473
21 59 7 17 0.008837222
22 59 7 17 0.8713518
23 59 7 17 0.370831
24 59 7 17 0.8891037
28 59 7 1 0.001756946
29 59 7 1 0.008072399
30 59 7 1 0.2713943
31 59 7 1 0.08352473
32 59 7 1 0.1748532
33 59 7 1 0.01615382
34 59 7 1 0.1854504
35 59 7 1 0.0004522771
36 59 7 1 0.005271507
40 59 7 6 0.1584603
41 59 7 6 0.7839689
42 59 7 6 0.5591257
43 59 7 6 0.9589201
44 59 7 6 0.2224503
45 59 7 6 0.8671515
46 59 7 6 0.9295992
21 60 7 17 0.9692681
22 60 7 17 0.05403471
23 60 7 17 0.2145642
24 60 7 17 0.4701542
29 60 7 1 0.4853549
30 60 7 1 0.8619977
31 60 7 1 0.2715936
32 60 7 1 0.5336761
33 60 7 1 0.6389492
34 60 7 1 0.01980783
35 60 7 1 0.06370457
36 60 7 1 0.8016574
29 61 7 1 0.8311564
30 61 7 1 0.5953511
31 61 7 1 0.3886309
32 61 7 1 0.7055979
33 61 7 1 0.6680195
34 61 7 1 0.5122765
35 61 7 1 0.2648267
36 61 7 1 0.9366683
30 62 7 1 0.1680431
31 62 7 1 0.7075297
32 62 7 1 0.9228159
33 62 7 1 0.9006603
34 62 7 1 0.05409618
35 62 7 1 0.8448909
26 13 8 13 0.5437165
27 13 8 13 0.4213842
28 13 8 13 0.9620149
26 14 8 13 0.03676882
27 14 8 13 0.3407693
37 14 8 2 0.6944302
38 14 8 2 0.09227434
39 14 8 2 0.405675
40 14 8 2 0.1290459
25 15 8 13 0.9337878
26 15 8 13 0.1196699
37 15 8 2 0.04555176
38 15 8 2 0.5511494
39 15 8 2 0.06709825
40 15 8 2 0.7932608
24 16 8 13 0.198312
25 16 8 13 0.8052671
26 16 8 13 0.5907493
38 16 8 2 0.861468
39 16 8 2 0.186093
40 16 8 2 0.459675
41 16 8 2 0.6387238
22 17 8 13 0.002973333
23 17 8 13 0.2439127
24 17 8 13 0.2651393
25 17 8 13 0.6794799
26 17 8 13 0.6534551
38 17 8 2 0.5078111
39 17 8 2 0.6370211
40 17 8 2 0.651014
41 17 8 2 0.9779885
42 17 8 2 0.178985
20 18 8 13 0.9425857
21 18 8 13 0.9698862
22 18 8 13 0.1046259
23 18 8 13 0.1873481
24 18 8 13 0.7448075
25 18 8 13 0.2106071
26 18 8 13 0.3298109
38 18 8 2 0.7442168
39 18 8 2 0.301884
40 18 8 2 0.7315032
41 18 8 2 0.3119736
42 18 8 2 0.1395925
43 18 8 2 0.04201541
19 19 8 13 0.0761779
20 19 8 13 0.8740088
21 19 8 13 0.3093027
22 19 8 13 0.305756
23 19 8 13 0.3348146
24 19 8 13 0.7967841
39 19 8 2 0.0354476
40 19 8 2 0.3791843
41 19 8 2 0.8430864
42 19 8 2 0.4681731
43 19 8 2 0.51656
44 19 8 2 0.2123649
19 20 8 13 0.9537751
20 20 8 13 0.1295009
21 20 8 13 0.3856707
22 20 8 13 0.4587165
23 20 8 13 0.8249266
24 20 8 13 0.1690768
39 20 8 2 0.3013096
40 20 8 2 0.03715499
41 20 8 2 0.02308842
42 20 8 2 0.06131756
43 20 8 2 0.6779348
44 20 8 2 8.943529e-05
45 20 8 2 0.2053715
46 20 8 2 0.8183953
19 21 8 13 0.006209535
20 21 8 13 0.004352319
21 21 8 23 0.5720203
22 21 8 23 0.4952571
23 21 8 13 0.1001915
24 21 8 13 0.6431962
40 21 8 2 0.5611977
41 21 8 2 0.8862266
42 21 8 2 0.3519349
43 21 8 2 0.2656701
44 21 8 2 0.8939215
45 21 8 2 0.9426022
46 21 8 2 0.8112262
19 22 8 23 0.3446038
20 22 8 23 0.07176316
21 22 8 23 0.9066957
22 22 8 23 0.6098992
23 22 8 23 0.6360317
24 22 8 23 0.965736
40 22 8 2 0.2690329
41 22 8 2 0.8775265
42 22 8 2 0.04374083
43 22 8 2 0.6797296
44 22 8 2 0.004262166
45 22 8 2 0.01393755
46 22 8 2 0.03408184
18 23 8 23 0.1012492
19 23 8 23 0.03578095
20 23 8 23 0.59281
21 23 8 23 0.005076641
22 23 8 23 0.09840719
23 23 8 23 0.07365837
24 23 8 23 0.9949179
41 23 8 12 0.08221514
42 23 8 12 0.6509883
43 23 8 12 0.6115014
44 23 8 12 0.001721947
45 23 8 12 0.4472784
46 23 8 12 0.7079761
47 23 8 12 0.3313288
18 24 8 23 0.08537333
19 24 8 23 0.9080173
20 24 8 23 0.51044
21 24 8 23 0.5572825
22 24 8 23 0.2213149
23 24 8 23 0.9421069
41 24 8 12 0.1538746
42 24 8 12 0.1226109
43 24 8 12 0.4491566
44 24 8 12 0.4507028
45 24 8 12 0.5351122
46 24 8 12 0.2377781
47 24 8 12 0.4661044
18 25 8 23 0.1738193
19 25 8 23 0.07191396
20 25 8 23 0.146835
21 25 8 0 0.1498685
21 25 8 23 0.1498685
22 25 8 23 0.3844856
41 25 8 12 0.9025959
42 25 8 12 0.568099
43 25 8 12 0.8051491
44 25 8 12 0.8056302
45 25 8 12 0.8606077
46 25 8 12 0.1899628
47 25 8 12 0.2832122
17 26 8 18 0.1714968
18 26 8 23 0.182144
19 26 8 23 0.8218581
20 26 8 23 0.01852181
21 26 8 18 0.004768884
22 26 8 18 5.380589e-05
23 26 8 18 3.089813e-05
41 26 8 12 0.1509257
42 26 8 12 0.8674026
43 26 8 12 0.5897227
44 26 8 12 0.07185421
45 26 8 12 0.005244394
46 26 8 12 0.3482857
47 26 8 12 0.6991839
17 27 8 18 0.9515801
18 27 8 18 0.8970091
19 27 8 18 0.8124906
20 27 8 18 0.08116234
21 27 8 18 0.5350475
22 27 8 18 0.02378937
23 27 8 18 0.09558856
41 27 8 12 0.02250163
42 27 8 12 0.04362607
43 27 8 12 0.5708368
44 27 8 12 0.9611436
45 27 8 12 0.04202521
46 27 8 12 0.6340238
47 27 8 12 0.5628782
17 28 8 18 0.5398416
18 28 8 18 0.2767396
19 28 8 18 0.1373794
20 28 8 18 0.01734698
21 28 8 18 0.04882325
41 28 8 12 0.08155261
42 28 8 12 0.05090278
43 28 8 12 0.01018226
44 28 8 12 0.05477957
45 28 8 12 0.005296448
46 28 8 12 0.4964925
47 28 8 12 0.7591724
17 29 8 18 0.3723043
18 29 8 18 0.5640806
19 29 8 18 0.757944
20 29 8 18 0.249229
41 29 8 12 0.5890746
42 29 8 12 0.06210922
43 29 8 12 0.2010994
44 29 8 12 0.06056896
45 29 8 12 0.01588764
46 29 8 12 0.004303232
47 29 8 12 0.04513686
48 29 8 12 0.009891737
49 29 8 12 0.4289997
16 30 8 18 0.4685612
17 30 8 18 0.03652714
18 30 8 18 0.4734653
19 30 8 18 0.8816189
20 30 8 18 0.1988774
41 30 8 7 0.02727839
42 30 8 7 0.05372869
43 30 8 7 0.9437305
44 30 8 12 0.2674813
45 30 8 12 0.5026546
46 30 8 7 0.1256868
47 30 8 7 0.1008835
48 30 8 12 0.6929941
49 30 8 12 0.2753419
15 31 8 18 0.004962632
16 31 8 18 0.8927748
17 31 8 18 0.6332473
18 31 8 18 0.01259963
19 31 8 18 0.01901725
20 31 8 18 0.1998166
41 31 8 7 0.2518744
42 31 8 7 0.158179
43 31 8 7 0.01429346
44 31 8 7 0.0001029377
45 31 8 7 0.02406044
46 31 8 7 0.06063417
47 31 8 7 0.2939382
48 31 8 7 0.2584081
49 31 8 12 0.5594189
15 32 8 18 0.002918506
16 32 8 18 0.3877191
17 32 8 18 0.2020472
18 32 8 18 0.3704541
19 32 8 18 0.9517336
42 32 8 7 0.3833814
43 32 8 7 0.1027966
44 32 8 7 0.0006453704
45 32 8 7 0.9700715
46 32 8 7 0.9575231
47 32 8 7 0.1704956
48 32 8 7 0.6253369
49 32 8 7 0.06883519
15 33 8 18 0.0004743764
16 33 8 18 0.9190955
17 33 8 18 0.1776887
44 33 8 7 0.02165986
45 33 8 7 0.4067633
46 33 8 7 0.4157086
47 33 8 7 0.008452645
48 33 8 7 0.08229688
49 33 8 7 0.13774
17 34 8 18 0.06324183
45 34 8 7 0.8099884
46 34 8 7 0.7108358
47 34 8 7 0.09303052
48 34 8 7 0.5207943
46 35 8 7 0.1793296
47 35 8 7 0.3904611
48 35 8 11 0.7458887
49 35 8 11 0.4466544
50 35 8 11 0.4547338
15 36 8 22 0.6131751
16 36 8 22 0.3871942
46 36 8 11 0.06235035
47 36 8 11 0.7871617
48 36 8 11 0.9563862
49 36 8 11 0.1791691
50 36 8 11 0.1893167
51 36 8 11 0.5128233
14 37 8 22 0.5912418
15 37 8 22 0.2646602
16 37 8 22 0.04475754
17 37 8 22 0.3559572
46 37 8 11 0.9917825
47 37 8 11 0.3976646
48 37 8 11 0.5318867
49 37 8 11 0.6575632
50 37 8 11 0.3921238
51 37 8 11 0.4562677
13 38 8 22 0.2243454
14 38 8 22 0.4905413
15 38 8 22 0.9511706
16 38 8 22 0.6297763
17 38 8 22 0.919928
18 38 8 22 0.4571359
46 38 8 11 0.1841239
47 38 8 11 0.2187708
48 38 8 11 0.3757158
49 38 8 11 0.7962518
50 38 8 11 0.8436609
51 38 8 11 0.01836833
13 39 8 22 0.003859538
14 39 8 22 0.3986137
15 39 8 22 0.7707722
16 39 8 22 0.7724127
17 39 8 22 0.8790274
18 39 8 22 0.1096157
19 39 8 22 0.3519433
20 39 8 22 0.7578103
45 39 8 11 0.1860554
46 39 8 11 0.1046924
47 39 8 11 0.5902706
48 39 8 11 0.02615941
49 39 8 11 0.4143232
50 39 8 11 0.2265809
51 39 8 11 0.2294351
13 40 8 22 0.1230435
14 40 8 22 0.9547881
15 40 8 22 0.4690682
16 40 8 22 0.1168841
17 40 8 22 0.4832311
18 40 8 22 0.387528
19 40 8 22 0.2880209
20 40 8 22 0.9923265
21 40 8 22 0.6542168
45 40 8 11 0.8268885
46 40 8 11 0.7905188
47 40 8 11 0.652248
48 40 8 11 0.9365999
49 40 8 11 0.7282673
50 40 8 11 0.5346539
51 40 8 11 0.8978746
13 41 8 22 0.0237154
14 41 8 22 0.1359594
15 41 8 22 0.6293541
16 41 8 22 0.1115006
17 41 8 22 0.5841673
18 41 8 22 0.8191649
19 41 8 22 0.9491786
20 41 8 22 0.3344241
21 41 8 22 0.5067214
43 41 8 11 0.6971636
44 41 8 11 0.6629712
45 41 8 11 0.147601
46 41 8 11 0.7979634
47 41 8 11 0.3165533
48 41 8 11 0.2398168
49 41 8 11 0.7247564
50 41 8 11 0.9435218
51 41 8 11 0.2418689
13 42 8 22 0.8176868
14 42 8 22 0.669086
15 42 8 22 0.4685607
16 42 8 22 0.44942
17 42 8 22 0.9928085
18 42 8 22 0.41544
19 42 8 22 0.7210726
20 42 8 22 0.772296
21 42 8 22 0.3337974
43 42 8 11 0.06000173
44 42 8 11 0.8639101
45 42 8 11 0.09552113
46 42 8 11 0.05341823
47 42 8 11 0.4655579
48 42 8 11 0.3991765
49 42 8 11 0.001498868
50 42 8 11 0.001975781
51 42 8 11 0.0007743556
13 43 8 22 0.8366138
14 43 8 22 0.5800624
15 43 8 22 0.5984133
16 43 8 22 0.2806822
17 43 8 22 0.2513821
18 43 8 22 0.5869985
19 43 8 22 0.236095
20 43 8 22 0.7477585
43 43 8 11 0.833386
44 43 8 11 0.1435789
45 43 8 11 0.2595885
46 43 8 11 0.5780608
47 43 8 11 0.1752248
48 43 8 11 0.6127688
49 43 8 11 0.02790395
50 43 8 11 0.04370257
51 43 8 11 0.01214141
13 44 8 22 0.2116324
14 44 8 22 0.5289267
15 44 8 22 0.2988188
16 44 8 22 0.02646232
17 44 8 22 0.2330064
18 44 8 22 0.1559447
19 44 8 22 0.1442997
20 44 8 22 0.752629
43 44 8 11 0.3788128
44 44 8 11 0.8237596
45 44 8 11 0.3600529
46 44 8 11 0.9536254
47 44 8 11 0.103381
48 44 8 11 0.7605926
49 44 8 11 0.612163
50 44 8 11 0.03895436
51 44 8 11 0.6797596
13 45 8 22 0.299596
14 45 8 22 0.1281189
15 45 8 22 0.000999168
16 45 8 22 0.9268402
17 45 8 22 0.006928049
18 45 8 22 0.2901824
19 45 8 22 0.6930375
20 45 8 22 0.3903836
21 45 8 22 0.02043979
43 45 8 11 0.223565
44 45 8 11 0.02598186
45 45 8 11 0.01839453
46 45 8 11 0.202888
47 45 8 11 0.1909973
48 45 8 11 0.2058417
49 45 8 11 0.429343
50 45 8 11 0.1860186
51 45 8 11 0.1056696
14 46 8 22 0.4239616
15 46 8 22 0.7759071
16 46 8 22 0.2697274
17 46 8 22 0.5417994
18 46 8 22 0.2625267
19 46 8 22 0.8422435
20 46 8 22 0.5227259
21 46 8 22 0.2382613
43 46 8 11 0.2875773
44 46 8 11 0.5918935
45 46 8 11 0.1205823
46 46 8 11 0.004508932
47 46 8 11 0.06036287
48 46 8 11 0.1194125
49 46 8 11 0.07098167
50 46 8 11 0.6224069
51 46 8 11 0.9482915
16 47 8 22 0.5811175
17 47 8 22 0.6122918
18 47 8 22 0.05254032
19 47 8 22 0.2046965
20 47 8 22 0.3678349
43 47 8 11 0.3402826
44 47 8 11 0.9999707
45 47 8 11 0.1902364
46 47 8 11 0.008104761
47 47 8 11 0.0005685181
48 47 8 11 0.3269663
49 47 8 11 0.2682776
50 47 8 11 0.2845646
51 47 8 11 0.02161349
16 48 8 22 0.3472904
17 48 8 22 0.7034869
18 48 8 22 0.3697581
19 48 8 22 0.1803561
43 48 8 11 0.2794218
44 48 8 11 0.4047191
45 48 8 11 0.8668948
46 48 8 11 0.1757996
47 48 8 11 0.1497043
48 48 8 11 0.238311
49 48 8 11 0.2095832
50 48 8 11 0.03022753
16 49 8 22 0.01990314
17 49 8 22 0.9511379
18 49 8 22 0.5271354
43 49 8 11 0.07408774
44 49 8 11 0.7012442
45 49 8 11 0.6933753
46 49 8 11 0.6397726
47 49 8 11 0.03097112
48 49 8 11 0.05760164
49 49 8 11 0.04161528
50 49 8 11 0.5812767
16 50 8 22 0.002850641
17 50 8 22 0.006415012
18 50 8 22 0.1700466
43 50 8 11 0.09992082
44 50 8 11 0.5788637
45 50 8 11 0.6584518
46 50 8 11 0.5792043
47 50 8 11 0.1390674
48 50 8 6 0.2333063
49 50 8 6 0.1237319
50 50 8 6 0.5941207
16 51 8 22 0.3913379
17 51 8 22 0.3333894
18 51 8 17 0.5317438
19 51 8 17 0.62688
20 51 8 17 0.8265774
42 51 8 6 0.8512174
43 51 8 6 0.07067439
44 51 8 6 0.6402361
45 51 8 6 0.7593162
46 51 8 6 0.9323062
47 51 8 6 0.2155343
48 51 8 6 0.581939
49 51 8 6 0.4881686
50 51 8 6 0.1528868
16 52 8 17 0.238525
17 52 8 17 0.5708205
18 52 8 17 0.1620359
19 52 8 17 0.9075816
20 52 8 17 0.5984324
21 52 8 17 0.6379015
42 52 8 6 0.5944542
43 52 8 6 0.672188
44 52 8 6 0.005759249
45 52 8 6 0.1468402
46 52 8 6 0.9501298
47 52 8 6 0.01072237
48 52 8 6 0.3867148
49 52 8 6 0.9346315
16 53 8 17 0.4302986
17 53 8 17 0.4569819
18 53 8 17 0.05180353
19 53 8 17 0.1231039
20 53 8 17 0.7801457
21 53 8 17 0.9245956
43 53 8 6 0.3664575
44 53 8 6 0.001021823
45 53 8 6 0.3621403
46 53 8 6 0.3637038
47 53 8 6 0.2935336
48 53 8 6 0.4010858
49 53 8 6 0.1029129
17 54 8 17 0.09969465
18 54 8 17 0.2962417
19 54 8 17 0.01532372
20 54 8 17 0.6226145
21 54 8 17 0.01978422
22 54 8 17 0.4806437
42 54 8 6 0.02949616
43 54 8 6 0.3787079
44 54 8 6 0.8495244
45 54 8 6 0.5734378
46 54 8 6 0.125478
47 54 8 6 0.204908
48 54 8 6 0.8452543
49 54 8 6 0.2498519
18 55 8 17 0.93488
19 55 8 17 0.05924005
20 55 8 17 0.1701841
21 55 8 17 0.4708108
22 55 8 17 0.01196797
23 55 8 17 0.4580689
26 55 8 1 0.004239476
27 55 8 1 0.2499502
28 55 8 1 0.03738607
29 55 8 1 0.1165181
30 55 8 1 0.0243866
41 55 8 6 0.002739647
42 55 8 6 0.02451734
43 55 8 6 0.3464399
44 55 8 6 0.528243
45 55 8 6 0.1069479
46 55 8 6 0.7404744
47 55 8 6 0.6140598
48 55 8 6 0.05202092
18 56 8 17 0.9632923
19 56 8 17 0.1136869
20 56 8 17 0.2386987
21 56 8 17 0.2679157
22 56 8 17 0.1603456
23 56 8 17 0.9946519
24 56 8 17 0.3701721
25 56 8 17 0.4247918
26 56 8 1 0.2625016
27 56 8 1 0.5917523
28 56 8 1 0.1318201
29 56 8 1 0.04929788
30 56 8 1 0.1831935
35 56 8 1 0.9799597
36 56 8 1 3.769338e-06
40 56 8 6 0.626184
41 56 8 6 0.2042671
42 56 8 6 0.02480905
43 56 8 6 0.08638126
44 56 8 6 0.1991719
45 56 8 6 0.2592206
46 56 8 6 0.3726384
47 56 8 6 0.5155161
18 57 8 17 0.1056115
19 57 8 17 0.8680439
20 57 8 17 0.8709533
21 57 8 17 0.2313821
22 57 8 17 0.5470485
23 57 8 17 0.6437004
24 57 8 17 0.02547942
25 57 8 17 0.4603623
27 57 8 1 0.7874322
28 57 8 1 0.0004714962
29 57 8 1 9.090355e-07
30 57 8 1 0.001414123
31 57 8 1 0.1494133
32 57 8 1 0.620969
34 57 8 1 0.9027069
35 57 8 1 0.01063524
36 57 8 1 4.026331e-09
40 57 8 6 0.6173125
41 57 8 6 0.3340741
42 57 8 6 0.92766
43 57 8 6 0.2446995
44 57 8 6 0.08055691
45 57 8 6 0.06837913
46 57 8 6 0.06379426
20 58 8 17 0.8306442
21 58 8 17 0.1990443
22 58 8 17 0.0736317
23 58 8 17 0.9731801
24 58 8 17 0.9035898
25 58 8 17 0.6050253
27 58 8 1 0.5625641
28 58 8 1 0.6771661
29 58 8 1 6.5917e-05
30 58 8 1 5.483171e-06
31 58 8 1 0.000169225
32 58 8 1 0.1290363
33 58 8 1 0.6214865
34 58 8 1 0.3038607
35 58 8 1 0.2488161
36 58 8 1 0.003942187
40 58 8 6 0.3213857
41 58 8 6 0.952506
42 58 8 6 0.2277143
43 58 8 6 0.8164332
44 58 8 6 0.2520391
45 58 8 6 0.107263
20 59 8 17 0.7411839
21 59 8 17 0.002387079
22 59 8 17 0.009046976
23 59 8 17 0.09454783
24 59 8 17 0.9945621
25 59 8 17 0.5035933
28 59 8 1 4.018961e-06
29 59 8 1 6.042715e-06
30 59 8 1 0.3659657
31 59 8 1 0.1234939
32 59 8 1 0.01146629
33 59 8 1 0.3608805
34 59 8 1 0.2922379
35 59 8 1 0.7810945
36 59 8 1 0.05433851
40 59 8 6 0.845912
41 59 8 6 0.08620603
42 59 8 6 0.3667582
43 59 8 6 0.2599607
44 59 8 6 0.2177662
45 59 8 6 0.06512815
21 60 8 17 0.005455896
22 60 8 17 0.7903109
23 60 8 17 0.5040419
24 60 8 17 0.01171816
25 60 8 17 0.1644052
26 60 8 17 0.665406
28 60 8 1 5.466738e-13
29 60 8 1 2.012742e-09
30 60 8 1 0.00560974
31 60 8 1 0.06854056
32 60 8 1 0.1417762
33 60 8 1 0.003628295
34 60 8 1 4.330482e-07
35 60 8 1 1.70739e-08
36 60 8 1 2.584339e-08
41 60 8 6 0.006897774
42 60 8 6 0.1429062
43 60 8 6 0.7445637
44 60 8 6 0.9375284
45 60 8 6 0.494613
29 61 8 1 2.138657e-08
30 61 8 1 0.3496366
31 61 8 1 0.6514415
32 61 8 1 0.1682986
33 61 8 1 2.53787e-05
34 61 8 1 1.769413e-08
35 61 8 1 3.13508e-09
36 61 8 1 4.38017e-06
29 62 8 1 0.01531823
30 62 8 1 0.007172362
31 62 8 1 0.1518902
32 62 8 1 0.6505589
33 62 8 1 0.0001062488
34 62 8 1 1.630301e-06
35 62 8 1 3.919553e-05
36 62 8 1 0.2318868
